0.38869905814839045
12.54139862957923
1.0788725180782075
13.671573600412254
0.6024834656746219
1.5331387095765918
25.78035672830148
9.818277305503893
45.36805879841916
31.56731443487698
33.672667526833
14.3563199486098
2.6419461685666326
1.8768457233177693
29.027424203925005
30.84394115327375
22.00282832401141
2.0571630248405794
5.93083388191536
2.3532360762200497
13.758993104812589
39.75428571008531
76.9244034321607
3.975746925028906
42.9764808534259
1.856413662362507
12.746837525624825
3.528257217803571
37.04932761179736
16.56279225469993
8.94305610478368
21.902499384914286
8.882866588106348
18.612884941614503
46.53271098267469
7.13743692763712
0.18014713980672406
7.7218893282433365
33.47036117828523
0.8056963292511494
9.310337010287814
23.913513688733712
5.083418546524843
7.073333881088946
4.152728528133764
2.983217456706265
17.65891727593075
13.491123842357476
13.418343368101768
53.53936259209044
6.644914397000605
4.555712471207973
10.242022356315983
6.094159606890975
11.44123674325762
9.352597331269509
8.5280984934748
2.5860058054527766
23.634989098090795
83.72425162953535
20.63332103943096
5.1199368031067
14.014686605495069
10.722234882856352
15.989887149206417
48.04182498506079
2.5238666347930896
5.083109949392278
11.640552214028041
1.496318464148085
33.84888156787661
2.8671834795327706
23.202357652801822
14.764018923742118
2.4057331993353457
11.644521872397783
6.877917335146306
6.95205979113505
6.378560365644067
5.487634739993358
53.124354246276695
23.433838790211844
20.888657847314384
4.462226238825704
11.21650670749178
13.47902149793458
14.133922858440902
19.188366916112226
14.007122524390518
0.08859745999150263
8.357464577332047
0.11710862169279233
13.778193185001971
4.108889630622765
13.007724713760135
17.798844309191512
6.947253699995526
1.223546079754122
42.122610241789026
3.2749211921033594
16.488921373497103
0.6640347173648217
2.930753297688588
62.8176512624575
20.003886057539933
9.378336329532718
4.068074705213463
7.8656368329612585
41.2342141848321
5.682627838100089
1.2743298683286572
46.86285315361353
14.86547118386443
10.456492838551844
17.887343176360176
32.061442253029206
58.372984856074986
12.839182877483795
59.97114608616371
3.9785012313201666
6.062810615309516
8.724826472597098
0.045654020128268566
5.1135832753573185
29.156531886316785
10.612667993413217
8.72650683985217
30.057258020820385
1.4780570969654288
22.943204744007847
24.06074358003876
4.648343836203879
7.344368311035888
4.552727768303769
0.7011977111548444
5.795598984863349
18.653887857862642
15.639907791960013
37.36039799037288
1.4241101974511292
13.67300330001198
33.80494529998618
7.727858009762568
13.59312408393829
17.108666980819542
0.4174207865592694
30.62073249639641
11.553143483363305
18.42010579715179
9.296544632804158
18.751399038186953
25.805314473993924
16.22956697623862
3.7262051329371495
7.614009775543061
23.702209171497277
14.830903298388794
7.401147928014322
6.223425168597992
42.058668842509775
16.556884452894483
11.906300541794625
10.874457260284245
1.0151613050075525
10.264571471810216
6.459524370956366
5.316775424249339
7.055450810148199
24.92127854071719
14.355818624132759
0.7302396359509395
0.767938145247111
19.895218152513586
3.342442120467346
4.886577155764974
47.87696173352964
34.34628077259656
35.02503316954264
1.7060957993924792
5.465950163631316
1.9313784278486106
4.601508444784532
2.944818353930185
8.710978206063855
22.134643635207556
15.569346380223868
2.7118265976132414
13.9489358295102
18.534975017207014
42.58512274711372
20.96969595746486
2.282277412485517
35.98267128131967
4.3873452148131395
3.376350211933621
18.269242573892612
1.9272962005601646
14.157267786136527
11.91812750463773
3.896471331435836
40.917495337669266
7.94060646174991
55.61313284316493
0.2874281188368033
1.87362443814355
24.09563511523598
31.22042486722289
1.2825228234218673
9.990934281189864
5.636413451943635
1.3059458579305285
20.3317015212723
16.634829382012377
12.276982063283322
8.508676675629816
2.1473761384317744
3.874456927623171
0.9296326932386574
9.074809275956094
6.822068858839528
32.49011776810625
44.84683564685813
23.773910582998443
0.22660674297289293
34.23876114470876
29.45131738851007
14.375072441854263
1.6875493445945622
27.707524418956194
0.14184617857765064
9.601297987580914
14.043146477271373
11.828872402625247
8.811550579645694
10.378027249900377
4.93896514625314
33.41744621320812
13.246249585342055
22.364919947295995
13.156086777879578
0.8716716693781381
82.61423104824982
44.521191740593004
1.9685927987141285
2.387476265125326
21.22887898668655
11.821345098476215
7.510783857150357
37.82918522467406
7.250842013558597
6.7306199684985915
13.670926205010431
14.284295186983927
0.35460884410494026
0.5419329775648152
3.5194223868306262
0.9616812881506775
2.505188004768115
5.437827123896682
33.6554713587883
25.448464614704594
69.65940897381662
7.752411234766744
9.808638700363037
61.90208749196036
15.140240047814094
6.526674133259967
8.314188945009702
4.973764322082589
2.7185055726859915
10.044728447304133
2.2676067586831
5.987241804369198
1.9733736477907802
7.299344818190868
17.27631803341598
11.732880883120048
11.832567351075129
2.9269926027351088
3.4150310231283916
8.21850280412823
0.7517459258714866
14.109424416478582
3.573924672662536
10.867394301392183
1.9831948146355929
7.532152959263797
33.21028134374553
7.828950782379561
43.96647973646259
42.72392920938182
29.473906579646417
14.206419804970524
89.5573454986576
14.29422792738201
17.69861692202946
1.5052125418420699
6.070944680250151
36.741198428962434
11.862659099929164