3.1229176409919654
4.327778169188053
4.494650143966796
0.5303955121290141
7.624848396195385
2.4215920411892697
2.7605432541884407
3.2072644851366228
1.0965602934204488
0.6047651434847905
3.381856429741179
7.430001957071184
3.687216610761916
0.7305595406269279
0.774049306010468
8.802401485155357
25.659760239728307
3.7888629722617537
1.236030966663164
3.010754390748311
22.932153637657507
10.34715528152527
12.440932567979573
5.37993556446211
9.706857839918262
13.97595569881148
3.481299899264093
1.107503511550412
25.868638636984173
12.929537938032043
4.431868479655684
21.50712596695782
9.780108854892553
17.316935603379207
4.923245321500228
3.2561517653438967
2.8179789192187283
17.174712519431615
24.83771825523174
2.2495516250696803
1.5108535315486318
1.2300792443075368
9.89810221068399
2.4260113880427876
3.4986465468475236
2.6299775909592853
1.6178955454214794
0.4202004132624277
2.9161442707346237
12.98458693588438
8.290978234902619
2.3631200522551095
4.298315252444305
5.038636054043543
8.489704420642552
1.1504573387275843
0.10798653533258626
3.4098608213713044
2.4546667674202016
1.2203357284803689
4.294711550857397
7.335410701817283
23.510577357422335
8.51298426905253
1.145872459223373
10.92887559127268
3.2543789952548767
14.450511373674999
4.917229174377305
3.492052932351234
7.666377409697231
10.398308025128328
11.94812031170016
4.195480650843153
13.925337514869899
4.479248318561915
6.584896647316054
4.3273948091800465
4.9212054855859035
2.4037920701137017
1.312315380013993
2.85893417278933
14.885596218865517
3.0874076960385963
2.5110688408695196
8.239697753466688
1.2645605508586413
9.735840231985314
0.8285359440297406
17.147322596371804
20.073213296711558
10.611484439886187
23.645012330703537
8.703227892425534
7.537221375860313
12.773840766648824
4.448178839335261
0.7262348713395582
8.937016948770552
0.7904367110079364
0.24430857590143154
8.744480461404917
2.1961094016437093
27.46632183021571
7.737048194936959
4.156141470985915
26.34203463590533
3.3614908128720646
13.549971158353433
8.137493172799998
18.515154213283797
62.45475351151642
3.3136372289278553
22.733542691132584
3.5238739974950226
0.32931017274193275
9.148537520684526
9.407082974427068
15.531667430264383
6.41469281546897
3.3009184647325895
3.638978801134669
4.2378967500918225
15.142444206994877
0.16736932979212402
3.177748378883676
11.566729356486652
39.704465722852134
6.7681758988054455
2.890580048395398
3.7517958499414488
0.6558325917454692
3.2852785452450353
1.2454363896494218
3.932582540989693
7.33210122000648
20.400771648238134
0.862786275811954
7.553272667300923
2.591555758731656
8.663453052065524
48.71303383868587
10.188276999709245
6.44659572263578
50.27101860059138
1.5016021060245792
7.256052943434832
2.573479559299093
0.46981377200890834
3.242836281002507
6.3267964285796685
7.808224606279215
6.090646366871859
6.87163893033353
16.4948775455575
5.4667917348001405
19.247105213664913
0.7129156365110046
3.1739403289053767
25.01706061917663
12.51657279546628
3.0641493734327856
10.065131709171938
10.933976834765247
10.591456685855622
4.520928382229922
23.218008186243928
2.1522913055732573
2.2612991749824793
4.957109215228425
32.169915460452856
7.390868680224795
15.6429473729009
5.439043865451074
7.898587999417345
1.04718690214934
4.685012421206528
33.34880962070806
34.6808647456954
5.90765053483773
1.3631830150108148
2.6309242973816067
9.702545265810947
5.773384819919567
5.827900915123976
1.1187423767828806
4.982073757706177
29.3290045542657
1.2056142784467385
0.643029131814383
2.4587618751549405
0.16052698347350278
11.206287408145597
9.530965667930321
10.796400447796627
6.982787509295223
4.8326100363348905
7.703618225544673
0.626891450512128
2.776540909809693
3.6702929817552996
9.919880547270946
7.121425502366243
0.9059525988668797
17.972012344067114
11.60970544274503
2.932299754099505
21.060924616742028
2.76021725222084
8.0352554972036
4.081566414828679
7.224500078635213
13.539331801188968
21.260133738316704
1.4861363205829494
13.927697581757325
19.02430346869905
4.849986131251139
21.671930169602568
0.5032887762853546
7.191499451875634
3.31459383757557
2.3883775993336838
4.4180284282592845
3.8463437558032063
3.655300491113338
10.22188973255957
26.01851428253037
1.3604465680416773
3.305380299365442
22.563903582065098
6.759324635728943
12.719522665549956
9.92796456399078
11.199027469174089
3.3201632624395043
2.0097539669717
7.327494238148705
31.98227815140859
1.2515327269456222
13.912096264301972
7.735456619464884
2.120543154282852
6.302523773580231
31.205448260321848
9.135905288144162
4.599306944910576
20.309222751730136
3.880934527398872
34.65110654003886
13.401736484749868
1.4264013621307496
0.7981591593351078
3.9917378967253425
5.304989105183491
5.885729260234821
11.907482849788767
2.9290933782951156
2.3149940695342837
11.04684151523582
2.1581555266442014
2.1047585520673313
33.316981839223125
0.9495556686042631
7.089084755404652
8.922169715386694
10.218862295703524
12.905858171902839
0.3718432461063192
9.346737456268551
9.093141431218891
9.853164637323658
19.824877629805304
0.8399103564523711
8.703374895669718
3.592240322357219
4.838116506632058
6.77846010819889
12.476727737089991
1.3930773323537793
3.509167561964714
2.735077798831152
0.48044493836130053
5.860036754646993
8.50639236555986
29.478959092403482
5.551159999927286
6.0464623116689
15.518134954268984
24.007592227819163
19.650606558806956
2.325062034327773
0.8853522439920873
10.861512184413751
2.5862979310880836
22.581263475466073
6.049412161033843
10.33449961657298
1.843714748715666
6.410395804252915
19.608598724982862
32.0321086349728
5.778073318702831
1.773738047172946
0.9052815112537215
1.7145384259022163
3.8450001235804825
0.6660074808510629
1.7001463447503657
4.088532795895523
2.0051982720279846
17.117813663248153
2.091236860342098
17.53595276189843
22.84545783929601
4.644572741380189
20.801780312089388
8.939002686997917
6.799154333918441
8.092510170700395
19.663748556793784
8.605282154352233
1.4047115174506208
15.259941193696475
3.3245305065397046
4.019564868426204
9.371238639257045
1.982414528156517
19.235863009697827
11.451664560566975
22.082780891587678
0.5565783607806412
8.849024380498458
1.8012036589994715
9.323978335012827
8.138884668781134
13.443364254092197
2.8435923352667474
9.442739028453138
17.55328647786636
14.745608621051618
31.97797625589771
25.281742279654683
6.5838422311643985
6.340765086465498
2.8741553973737
2.7112170372622812
3.8001932777647465
5.722470353733193
27.711243444172236
0.6284673785388133
1.404734495001597
12.00277169801149
5.486654709818062
16.97061689330576
2.279194475572735
4.221810027795306
12.48176636386538
18.73452186581022
11.104233058042125
19.689046523619943
1.2517676839616878
3.0568146705156067
3.599404282997556
16.401907314234162
6.665866343943485
19.346367249560064
9.114362734511719
6.038298858058231
25.06348641077155
25.86616919533027
7.301542655628655
6.343345016228059
4.4302011081500625
15.592652605886355
1.9492254769787984
7.790359099611009
9.927034500766517
46.793910296964384
9.31199967521502
16.254922575616053
3.420550311883912
19.55665970446764
0.01448355908187861
0.46645007715759773
7.541029865055178
12.194202484457545
5.139223064880669
14.537023290603623
21.002253453478392
2.875787927714609
7.165842638444088
8.904002939183918
21.640277907365487
3.762039870425845
42.866782944634906
13.244757147196022
2.637403200226985
15.52703855030105
5.44946626863318
11.476576306415588
7.685151499455522
3.725215089182962
0.9038807322593064
37.29908640757257
1.2550167517780306
1.3079630674796248
3.797381835939323
26.24968736912702
4.373474738934888
22.35876832519053
6.563101027323984
11.624445901218433
21.6699412392797
3.3482389129947157
14.424528829264009
24.503452811054533
1.9537431570925825
8.5337323216731
9.64584837029863
19.552272539480988
28.245618107628975
3.5962355401959445
30.480613907742516
3.800458888465213
0.32088522548463044
22.836402686451407
12.183753255969602
21.843878945842494
6.162862291925577
3.8911195035043904
12.804810202980274
5.677617213586786
0.05751583563498185
7.776186912208804
4.7160619580233725
6.629081097618541
8.282095743162905
10.230011857439766
5.523664955578666
0.6488218570923576
9.477842669658886
6.953346127085771
1.5140627735923766
0.7296224464753915
4.005559832645698
8.675847279289261
13.547477892505608
0.400023627527236
3.876712172976202
1.1376914314339721
16.35484802564136
9.116276899559077
14.36538647885757
24.09590193635286
2.5171170323614342
2.1054480916384346
1.047236393922832
7.662449793508373
40.09250427710435
19.330015345958305
8.941320509639878
5.227765729706237
14.41445550068
11.450878478117392
22.752476570431497
1.3491421817396168
2.9414464633797097
4.724446614707758
2.012504667267369
4.071142530148346
19.28415599755628
3.475634610099193
2.4121007869188116
31.753817485258004
7.029427721659981
1.0334393893455052
15.442885088660015
5.391976437179844
2.618803123528836
3.845143996996757
12.190170240738132
13.220948157534586
1.421469042963011
8.657191483550005
22.281597392429592
9.096436990965067
4.79150396532159
5.408700565245855
0.9350105615076032
0.8206994700372423
14.318934557309827
23.795002083826464
0.9779341770972302
1.8609290167376913
11.019373961505064
1.0532378080947244
7.1955009246968755
1.257775316273402
16.192199944775393
22.680645764004318
10.23985465445505
13.167538642870074
2.507901908843661
2.242885812634013
1.806356857835848
3.4861125250529876
0.36997398772134765
0.6576557217646508
9.777994954416643
6.630308866585741
11.684280790710828
23.727629049062532
4.576849806087247
3.163464361722176
0.056077149012674146
8.64563316265169
21.957105879242743
10.876064460896723
9.024211622611391
3.64685130936743
20.827021210431145
4.369570134734782
2.0526930136075836
1.3145583006473183
0.5877482351568108
3.6350768162230738
1.6518525289540398
3.7995944762442417
19.39084442972652
6.5045309866848156
0.9582903936471469
7.327794531539795
13.87214702634384
1.637218820275308
4.585645230194995
6.803616228338865
0.41095647340850194
2.3353234301448658
10.501307428454066
8.029591257279371
0.18862640714803078
1.3700446056455173
7.818634150958346
7.740284777734248
1.5296893962827784
4.067410904866017
0.19732768633390602
18.449279623383045
1.034129437153604
2.6044716349327275
16.589718154142336
16.446200073938357
11.453329201628266
1.2129029971747525
0.28300560878358705
10.419413711514013
22.034639138756095
1.4057968510411476
14.980744850555064
21.693506189886428
1.749060504583719
12.571358059790837
22.456382870272712
23.734313908780837
1.8096079352320849
0.6699190840453206
11.675428101027041
2.0837060276660004
10.614246716808923
18.682615351407218
0.7709861147596627
5.03317586695042
19.079467913891218
3.060533009539394
4.1752705777209185
5.654583989365533
7.2019476868034324
4.15710615093998
2.713881935845105
6.486021683923636
13.515943843672048
9.33834057613551
22.80291472393211
5.903746809464811
10.549039611034148
4.509481547949584
2.1959813871032976
12.140908251858113
6.627721343017387
2.148594774629201
11.583275589401643
9.549553703018493
30.39340662111601
46.651393077812884
6.514738427484195
4.494859941533112
35.66985744960723
1.0672616924010805
7.891641833528715
2.152885963320544
4.324311248111715
1.3340426627747999
9.961987484586174
2.09241226582
35.62670274917161
14.588872779393299
5.137701274408541
1.7464554735900968
1.8906048700683746
17.801070627611043
22.213899672349825
1.3641656932735806
10.57572617535553
4.446940367903622
15.926071985971216
12.483962404547677
10.762391225495143
10.444069412848858
4.846268202826734
12.210928539414683
1.9497507471353508
12.157967093287093
28.27316990276541
4.825460528879802
11.85221090602306
1.6642069918988909
9.522861497562218
16.67011715135617
0.5023562177951696
9.046843843186233
36.51443429365973
10.23803622442479
42.72660833257195
9.50389306607337
17.421991592331462
3.6275707224934246
0.967171689903675
1.1112705315213653
21.254343811024093
36.25148276134742
12.833238345753085
14.106561648076353
9.022102733821622
0.9674846125148394
0.14842109860909525
20.217703731600704
8.816138997055175
15.636753662449657
2.1690545717335987
12.233766858223719
8.564757009114532
7.478725566776919
7.27512520668876
2.6905862076706994
1.5310307723977965
2.548083372479587
26.84494685829603
1.9587368551209459
9.57842898124491
6.448891805179274
1.564848322320459
18.836542772507876
2.515508472399102
2.3723863448293683
1.4073829846406867
2.2353164346161756
2.871522800930369
1.7712116749509557
21.354206869876577
1.440201472044451
4.841732385391868
1.024100894953105
2.9092743972684953
5.105660215750046
0.08373916874792368
30.81991293698134
3.147420761360894
4.614786267046501
2.848962277478344
1.851860346455995
9.385742361585987
0.5981074942198646
5.666870490186528
4.452261536040164
1.4034367557062786
10.44189797513015
3.0762376143919266
2.787403888264149
14.64170874134185
1.4004752758194374
1.8755536541520714
19.214734728036657
6.217513745064257
12.37541617010365
5.191934657303524
3.3213343574941554
5.785829117946869
20.730059228822835
5.300679420425876
12.140730085618602
0.603296354058803
0.6577979529129945
6.554484197591294
4.563194795399106
1.1730858342480905
11.847277997553054
20.759812778160512
16.218332470977206
9.175302718681593
0.656444178920956
4.046491018516132
14.989937194448855
8.37634553064892
8.220204487303983
6.326776394467499
3.3176126277409663
7.873276099063059
22.81341211316054
13.190586199810774
3.3193888057414
5.645434845836256
10.914088185307019
4.133016568898297
5.510073345622286
10.392903790422606
5.7343650032301685
3.821708549132449
5.838932858113898
16.13577996633109
2.562517621228268
3.161942327284331
2.5861331120554034
6.792998545520717
7.322813697742041
5.80112842294096
3.2290114941079406
0.37434131465953246
1.4419014850275
0.35011052529903525
5.649254311682714
1.6297662375504103
12.386213769627735
17.234056700746827
22.77317621686182
17.866731235501096
1.941964188399824
8.087763600114345
1.8015823212213091
2.389045586329301
6.918721234716937
17.675992127808403
2.7180743645981478
5.650795168858407
3.9769875816886406
8.792162387504085
1.078102774134786
5.318260124100692
20.23163164628725
2.716870069705079
4.696300574694441
15.289652834965793
14.861735440054568
1.6245502934924168
3.890150786864303
22.889412501888202
14.135650200885825
7.249096284546067
11.934328661237762
3.2963229876968354
24.399618508108464
10.204425363335446
5.056487099220172
4.443874820178497
3.4223330356369526
1.235648942270353
10.648951402216268
21.87297694859423
1.7061787618367827
23.554807392178276
9.66744398288366
14.259473835095031
7.148430979735004
12.60378606288993
2.2189686622492566
0.93742131481805
35.84026272203391
25.112979648448853
4.7016063344686785
32.797916517270345
3.6077473706037537
6.069128606125356
1.5580220929516568
6.031273019136837
11.194816903446647
6.620694667829472
2.8605927634485893
0.8471815955794559
19.32997806724046
7.381282814661091
0.41262570929391734
2.4987148809496973
4.9280217386668905
9.173175606368137
14.345039740873249
2.1257677068557683
18.434292213215294
46.98902727903244
9.49875638289832
6.50196199198295
6.256156834288254
0.043707139846232625
0.7828509340647143
8.738365065736138
2.557024449614437
2.838100584212063
0.9718041149602712
0.8652592369542801
7.872787209811084
13.450828338278678
28.327259344261403
16.105269013782507
3.656186649786191
28.111134746687597
4.366442194444902
11.906078504689342
25.81534957652576
11.481538073096731
0.9084886162941911
10.406809927674882
0.826127435032682
0.8310696747046414
6.9733664544773735
3.08210538866411
0.14565572755692266
3.402716565847395
5.5544885465234834
0.32127057594703096
11.73138202815628
6.453325091058899
17.43537600456683
5.545981079176331
8.9790259019557
2.35694925786503
25.930054938303627
2.2825812687229505
8.931661527313835
15.630945156732796
20.261220731555238
2.2462167809623055
9.783737928267097
2.8993441184016677
6.8633704332632846
4.6083210921756645
3.2207038095453098
3.237168974580972
12.184865521198239
14.472189968293508
1.8585493393365884
8.677182561473568
13.895745165221706
2.3465363354546382
8.078272633430753
0.08716302133876597
0.2661706137965795
22.195910988254692
21.271503858728376
2.859580071764936
23.961324646094628
18.23078630691512
23.57383913082492
8.806283180356147
9.407568984512423
4.44582356618412
7.381182923870937
0.04193743433291053
0.2862965451909774
8.415071104327769
0.20860054260162325
15.771727434034073
13.51892641663001
10.912092592334831
9.745901101837207
17.978807321400716
1.621290326039091
9.602160464537976
14.55278045127116
8.045030617646583
14.502071440368361
3.69795575404734
10.933147661746709
5.271227651433312
0.417609142418646
0.6432303547923023
2.8613382856600325
9.92540288491647
8.437221702936572
6.013053768164744
4.421512318371231
0.2832741652168924
0.8261848782920012
1.4513012669957337
23.250579487141483
7.29432107520912
34.64936240594246
3.82067724768297
2.823623954531425
7.383388141318648
16.23703002438892
2.080926578393858
18.81507728483433
1.5958567128535097
4.835684336613761
21.28357715845436
24.609846886098843
2.7269219723904015
15.10819341124605
0.5263423173980267
3.263442723269944
7.7513159624245755
4.9460156534659285
23.65159754925769
4.555827960495316
7.244179421567765
14.088144140537858
2.869023660347621
19.16418999711619
21.308063383548966
22.612159985262664
20.483590879089455
8.248976059785631
5.951286875181402
1.962892759184263
2.4138859761108074
25.43933368826168
5.984658591285189
3.435464580320064
1.1880874710349312
9.454544666083033
7.509165963661493
1.6460582366928826
2.804456232337864
5.534981019644218
2.1581931070529237
4.3087812502405525
11.43212136957883
19.84870159321748
4.603480875201698
1.3506078883221915
2.518884181150224
8.708154207628345
0.8563146747652648
4.80266185406479
14.2259660409535
1.5048859063173905
0.8881118565777382
16.659554847519367
1.8534711235587227
11.217056816135896
50.24149750796173
1.8183382512582469
24.604934751695797
5.032172173235465
19.34166389532826
6.2473015325264605
6.361149317651373
6.272830756207228
22.65812769134194
4.97478953202463
14.7869982346634
0.2324591647712904
5.811558246182252
13.94934119152889
1.6005545214704313
11.266722129265466
4.73452906966867
30.025222445235638
48.496738251966335
0.7862973713883862
7.385994698066025
15.822910958144078
1.859163752234949
20.128188735429585
4.816269246235888
1.547246906157965
1.2690221798243628
12.511631356396931
24.17927226292138
3.427791018308092
15.715380347626269
9.504615435962494
0.12376438210607255
3.0309022068898948
28.80416254223594
6.238932772141374
4.077072523327082
44.07693607225873
9.816926216734416
3.354014821108785
18.318507534096224
19.32752116105986
38.92480561975371
14.081473440507423
2.737009677968612
4.928824779731306
8.304388882847087
10.052825225137985
5.6947382722984665
0.2558312012824404
11.348621420838695
9.88730185594796
8.822307497430455
5.819256730970331
5.5609728466331205
10.910566633019007
4.00788199992588
4.1466325243788145
0.34447816345700455
1.157912737662332
0.8614751642274556
5.877552448278623
1.3344068939688405
8.01443050382024
8.509575646165981
17.669963527259203
1.7876277117591706
4.023673451976299
0.10487213239615602
26.209376014013475
6.176851390050766
8.18423981969099
5.970186737103589
14.006783368145141
14.864821213364548
6.617510059847963
8.737056770669962
0.06692358105388753
5.736641240103069
0.03035584086471735
13.811115254444843
3.2868491164669416
0.4575358146444734
5.142935275334102
0.5236289339846831
27.016595210461517
0.15970078367435614
6.068348201615909
6.303164848473677
2.7856901223182122
5.766238836973715
22.742453721470167
2.660961651435151
10.72609192583779
9.865141738810609
4.508832536905338
19.364144849606586
8.042873462802845
3.976898226986666
6.105936831620632
3.482587232800693
18.036363614828442
4.196331029159129
2.106433969943554
15.555927632114738
1.7126882459907558
1.8003665807200584
7.560494339817258
5.002711881992691
6.7359067638197
17.927055979559785
0.8811210673650361
0.5392386044332131
13.408898887203422
25.630740337882038
20.43405318613154
1.8999866746323664
0.9199181046619246
13.560217638983454
1.5303043098058422
0.46592813522841947
3.131798404741522
0.1399732984447201
13.423527848518427
0.7440685738441768
6.6663388867713556
7.3673492629617074
2.647016751545474
0.991919035534144
5.337309785432301
4.5195386040040635
10.589238844025699
1.6902218005821998
2.494569551806184
28.223048736679324
35.5313648400955
4.585871031945082
14.82108951980956
14.976926221950853
12.205414330287258
3.1389220665757334
0.6556582470010226
19.802659031332965
20.235522502662803
10.39631934388497
13.306772015227237
2.521445900928324
4.377273406464047
4.6663978861063065
2.1187166855622435
2.9802065956122274
15.360287481153286
1.4941355225896593
13.196397881784657
12.036202734097127
3.3983186166378134
0.7721356569639186
4.23911717761439
17.270236766592703
8.885882636227207
11.112950264436584
24.400649912269564
9.645535923963552
6.848770606945856
5.518378612797386
10.061826886594803
4.825453843821933
1.9234533327432985
5.066800549442134
10.402292215503946
2.1603351760207854
11.331576358746759
6.904043208504771
0.1523596747571337
2.2619285620412177
6.303468535047951
3.714003594908712
8.086558895862542
9.759190591639916
17.173376699308026
10.656525887088067
3.6822769788192495
0.8341599507219195
19.25772612515882
3.4935696616797025
1.2519137267775269
9.030104045581092
15.67038544168591
0.6452385705322521
10.476527950193995
25.10905684651125
2.0907905820308943
7.461940749326086
3.979868256323346
32.0632347894109
12.991409753353595
4.11812025901238
13.492180840588723
8.373032060851994
3.3797072818172498
10.084263059003971
20.390671069651493
11.663847506643515
18.27900449704051
0.7557890122028643
0.2517022037360058
10.575375270735845
6.249919467714849
10.252562674822828
6.374815190341286
8.98747564043429
18.318346747823444
1.818597756812803
10.35693885618317
2.2262301692149387
8.093337371539242
5.928786366145628
4.374799328098464
2.610545711436597
4.281903334883902
3.194975345715266
2.146161378789947
15.928468438299944
28.76734848606818
33.68152068930505
19.6005699577044
6.008626083576303
4.3908542825313415
20.45802710459132
1.9369495305758815
15.00430898862982
1.2218731371185971
1.7809985326724107
14.584743526806427
29.515757061795455
14.887160485767362
0.6334900161896524
4.099308169776476
6.0105113811276984
5.429277443179982
31.199460968438736
0.2762065581127262
5.237595234552118
8.942115295521996
14.181155889714105
4.178728858353178
6.293858888952581
5.058475893268692
10.840719617178861
14.396606221172659
30.287602716491175
6.770929554442774
16.4769033308766
15.276153025029009
16.10601098582854
2.18048782253315
4.795408288005468
20.120781668408778
6.38280832115365
13.47667639901975
1.3868975387188198
39.280362925343645
8.572394617259157
4.370563283494104
23.118817023013317
2.0422158702229485
43.92209470920923
4.7066650093935
16.5915767671884
32.26842462951531
12.796046448502414
11.163573569890762
16.67267514449894
1.9369382145615983
0.11528560390953237
4.653766137980251
7.855059943880248
0.5699339221505897
30.18097213502463
49.437474045736906
4.2746673322476605
31.975759470023245
9.391872773233331
1.6210571566000578
5.855858156450151
21.6407950484169
10.628671464542428
9.285264324430607
4.936812937599297
25.300050644940573
32.0228101642058
2.5970543094677683
10.715794581372496
1.0794497277585267
1.139817226159511
10.482557449826267
4.4270449076337695
7.694365349571974
2.633518290513337
4.9249177127748185
23.57860022269413
3.1485835182575403
0.6800907093719727
18.4377862949437
2.9802788968391605
12.057656722162456
1.6814565911841501
15.485981919573206
9.12233210743016
12.910963205736069
8.308028917587734
4.936892277827631
14.755333324973265
3.924276774780148
13.259148308996805
25.273715872576002
1.8876509747662351
7.8270473833577565
4.889351618961545
2.2301757295554094
27.200345027255747
2.4216874062401876
3.5153445098435014
25.15697219031308
0.5931669735361669
10.097901900046262
0.5754180839358821
7.447441280999434
14.481769748098179
0.5656401293589659
12.160117791830421
19.422499739708705
15.420855559061975
3.1624354553709764
1.9757337511438455
2.387425212478779
1.9183774584754842
24.55442748757461
0.6593486827979254
0.8961092968522929
30.447637746121426
14.683602430497515
5.5987427037004345
2.9094953914937443
19.950723269065115
4.274958622918964
13.60484615217724
4.9457186371979684
4.3280141251536675
2.566178234518586
28.621768065777513
1.3299413143576215
6.070113649840298
3.2611554005612127
21.88020606520618
6.490259267988044
5.803579815847615
8.78211321891718
18.11848466519171
1.9958117932047232
4.727761427484602
0.589488921303005
11.127177146575589
13.84381273450084
10.42982013837304
16.77926972044382
50.956877274295415
0.8482841707834406
1.482817007382256
15.478350753376102
6.087103563980722
3.640590819405207
15.34788094559383
4.1245542177342776
12.376660600201138
0.955161418850255
6.108409167884864
1.1881645997806571
10.16072777240728
12.960938506125089
4.064088959661988
0.37143105081315625
17.811235550097024
11.533854588377249
0.013101351532570374
7.876039859538613
3.3951554718631463
0.24464922724396665
28.479847620124346
5.0280923649687
36.009673551338786
24.082811887761615
11.713144978102779
47.41771089384194
1.4688569331146293
9.93991890896918
4.251813126283172
15.712593175241533
8.61360779033163
23.87071365958079
9.607771534389817
6.414566373145174
22.031672679830997
22.963136979946725
3.636041992628581
4.468826437101149
14.219445848799278
1.4329491859023782
3.3045509839506106
0.08106897983739206
8.168044795299693
18.901910792624218
0.24738994830909786
0.07959552021453276
14.052121858522167
0.7700342758606069
21.98145331165973
2.908755770877951
10.283801954211016
16.79259128841444
0.6532340756919641
14.41403712831228
13.898366659405673
0.09267555171962132
8.488147590230117
3.5697197665489164
16.746628122169515
29.83943928127433
1.9847096057500173
10.82397217583775
2.9213337635378536
4.368606864686209
7.259953881045672
8.71986416225957
15.639002595945716
5.474323557959719
2.999803410071989
0.9438281254752797
8.368122940907497
5.278814991311393
1.2716099107242902
16.67912059057566
18.49246499527249
9.918331929798002
5.165730144695839
3.195840528292478
8.72609768977239
12.694480711321292
32.74755033230486
0.8775320562603524
2.0974039969524156
11.816432743745287
10.983673083520165
2.2917035629988884
9.35877287282768
24.528859099983865
4.670006617437548
10.078360967881538
13.489469206485486
14.236850560970268
3.3739507715057555
2.3189286187927443
19.733414063457822
6.522104696457636
3.2296238088308034
6.505771378263578
4.581515755303094
7.088827988414945
15.708838551882751
8.905806849285026
1.5982555457640002
5.322796269124095
12.814737985533739
0.7142954907547926
1.7840506285184101
6.50084998828989
19.378397103437308
8.270292705537809
7.076381348149619
16.513273213966727
6.877351805293237
7.8048292972095785
4.097174634105927
9.99219653054578
7.216485239233375
4.257741404830862
33.477374455424005
2.667375630097496
1.5456033658250403
20.76499684973567
5.170215200349484
2.537980947711967
11.706222396006574
10.767490583084422
19.8536372288966
2.878269959377465
1.7835909074533691
12.140392035150223
6.36605469321377
2.4598899000461296
23.145410934184756
2.7014807346799814
14.730255908729303
10.683848973848814
2.6894526348261563
4.858927744465446
23.9590692868908
0.7715763536676424
10.429270018606452
3.329620927106459
2.955234668093112
1.3294907646830425
6.713617912985716
4.000823626549146
1.3985596789449983
6.582049136677842
2.8104142971948067
0.36595354919790296
7.02604574899284
2.7693036754321545
2.9155204889567923
6.9957099424806675
0.5972409011982435
10.569640303600657
3.4060656528876203
1.7167467982709645
7.278438810092188
6.572181257702192
10.817537294761191
6.361488755633581
13.463584508847735
3.206995982612862
17.449395694827174
4.582411581407948
5.471044203341444
17.95075443120713
4.723833669589086
1.9901403483328823
4.512217410164091
30.0394832679912
6.205836208635452
10.977152166643911
0.3332361310626625
34.86592341706187
19.210329920461433
28.732031116643643
17.73883428012358
0.008709743744653097
7.787402706447922
26.209334888175988
27.579936339616747
22.319150972168643
3.0288738825503465
11.3462554600988
1.3909503908371572
1.4263635842356661
1.8749221441019135
10.043583766091123
3.6243264260130976
8.495042651305729
2.428420208078376
18.409417653750616
0.09386567752522734
4.635843116849676
32.128491190700515
7.084389565391328
0.447799740976229
0.48514297370098086
12.56430677082016
1.7653136305899852
1.0527632699319105
16.23423578937124
22.189569523043964
14.856531741152024
0.359911832999263
6.4914202771560285
3.108522823895695
1.8811455839691968
2.0319277839223355
28.654310758073994
37.683177373780445
7.076727690003625
0.557008161776534
34.70217619244057
27.800097117756515
2.265813548769547
7.599425547076782
7.244115600437336
21.239762748358007
1.1233680292417576
5.114129533918381
17.531404952156375
4.440649142874041
1.2176936659758635
9.234798533547256
24.509273659432335
5.6749801042572106
16.010884086431364
5.730687241965415
1.827477348872465
7.517524328524493
1.6283510272550101
10.066961057818368
8.664378684279347
9.732462784930359
37.07557643450931
8.832827887095773
0.5144920091207229
1.308560284377804
34.09464805792681
2.1087521617223772
4.974736434161316
2.105646047742892
0.16133222243864279
31.03109042531268
8.287413640650113
1.638318698831667
25.961180989516407
0.3763087895610865
7.8341301898930675
10.455525154979664
14.119412526298797
7.043252222059249
4.8673287201835915
5.894890615214273
13.72647764642862
4.7251160858165635
30.20105540772719
2.03238921755908
3.0326895278121797
25.980525605095448
13.441636081596874
18.933632332413698
9.346644606352527
6.767907736940914
10.496684369007937
4.227863927905499
6.498816907827852
13.120855633552821
13.054664438223753
1.4230330498560666
4.8173365867582065
9.281993057484453
24.64778871608445
2.25447153306294
36.938077280842535
1.403297140504098
0.5929262548912135
2.0232296688643463
9.363019007717416
0.9267594112847914
21.703785682743128
6.215314546079209
12.147484978210198
0.9096073030398453
5.972162461297043
2.745273853248913
23.530686309495398
13.780176378679084
1.8171548834924989
5.141312265428995
2.8467460031515985
0.5081404556108623
6.187518979770128
7.805831542037758
1.2607951450187571
1.9952309472507226
44.32686476737078
17.40312245568731
0.3678035843005049
9.46745470588327
9.347037337934706
0.8594337825848746
1.6897924405729046
0.9693195755311399
34.64358243208409
2.120952511958129
12.017422003445404
3.2570393979512478
9.511152609408105
0.8089789154485971
4.536102433939208
7.843281629066514
6.394507483747627
2.08609977367489
1.9275266125419181
3.4820552682346153
12.913464398868827
4.798189692708561
0.798905445917849
32.53704643302199
4.559343560247084
15.44790484252963
4.108707601626489
3.0824423109770094
0.9302370778072017
7.641665233486239
1.6958412340831892
2.4299270930897303
8.164470285156238
1.3510237944976642
2.0560965742563297
19.011860918713335
8.505527215039518
16.006614276210176
1.3738231543727062
3.6395503344798934
0.0745355889752498
7.206078860065218
1.611016044828351
5.500003305712419
7.963228762010465
2.588472179485279
0.14239988648558471
5.636698605400329
1.5202264820301654
21.808777102315172
13.088344477451937
6.2698602487773645
9.093084764915886
9.015628177083236
26.561395095273234
4.424454519286988
14.837439360490624
2.0295399112139316
3.6589507794060143
12.266393419159629
1.7470557381775487
28.249364289205502
10.212827572015778
6.109091565872301
15.941270656058187
0.13716312453389504
8.741568575349712
28.593299104737653
2.1902804451944116
4.577878583585967
24.864451463830544
0.6142649385801956
17.673467329330474
3.5041912682883005
3.803897847338399
5.235535392683964
55.25405440420768
2.1464521760474558
22.99926468117343
1.1955412031438504
13.52965928748614
8.348543816072658
7.4538889131793695
29.280820285581406
14.872612274990724
30.68153898476822
0.601332345033315
1.1538672385314992
3.9762199525247444
2.1040848870737965
1.3969165929703589
10.298454974449847
8.597078562014772
19.485149179160842
20.801188731420513
5.306624005023451
3.9588818116864193
10.235028859220815
16.213864889366242
17.56912796962235
11.846170181658438
3.2509777258201598
1.5066924502157832
13.45663287296789
11.975831618813258
8.521675109064388
2.652526720280825
17.708416612368453
6.2141438371242
5.212649717280397
1.6351056139956874
3.394623631312126
2.6407756413642907
8.833661350985166
25.572977241225498
1.8412892089964936
4.634086356521495
12.333861514909382
2.0160201225664527
2.597517252799705
9.516224839835688
6.60950656057248
1.1153985942458695
5.7593853239463275
1.6693147985629222
3.009052991664855
1.03372657883795
43.51277608741534
0.014758811387578308
19.618298208743077
9.344520693790148
4.8668886569637095
10.49311267013221
1.0504330650930043
1.3262529531463458
8.147700230561245
5.73004481527819
12.096216513070841
8.085712696539687
29.60774236567914
1.6748658468098931
0.38877786646461987
1.1791228927256705
3.0687777071866083
4.142118707808676
13.884400421507332
7.25019508791108
2.0913735511171803
1.1202806072995097
6.955323568749534
5.671926230631142
3.001834766732481
4.623405976604361
24.903531160821785
9.981477092198888
14.7170805098508
7.022769303938576
6.326859798184935
20.665994419905015
0.17933209844155076
8.038593859104376
6.439923733439468
11.850498330203887
13.283445416863215
14.031728058599194
15.068116320606903
12.04895018752714
18.799641911456895
4.042550734974464
9.214250550585403
20.53988082651554
11.273882811207592
3.869936541449956
7.463129896340513
3.5097079286191093
12.78025929910465
5.288281400248154
14.953722464900979
2.7873060400415173
8.612335585612241
15.287984151745702
19.00869236659732
3.655256609788043
0.29595973980355944
5.95102006984419
5.469536417433493
7.86759925808291
8.433169447257264
2.3270368556738403
10.66212236442927
5.700459270286316
16.119041891576476
0.044352233114286654
15.64292133534716
15.633604876181092
0.2875689406731195
29.817162013591705
4.3953475007911535
16.070162648249884
9.49876741327768
2.4351224978007147
10.1523540549733
5.425988622461045
5.304332734013366
8.750431536147737
6.936823756518202
1.1055128596118842
18.141945444670814
1.9301072133414414
25.988516995415836
1.35332341786112
16.414142067488793
2.104788321097464
4.111417938777601
0.9921600097437899
11.663503599541626
7.266688896010636
4.451961723008866
29.667352247653334
17.504828139152885
3.9290730927115987
6.272614782256128
0.5189507809057721
0.05011338854301367
1.9921343245195162
5.111944598470077
8.027726841515856
18.17671743998065
44.72115530200271
8.780585235913827
12.124854226725422
8.575840135237348
28.549519330574064
0.14579960081935858
57.363552636937
16.28246955525216
14.959275984479888
11.450585016966471
3.4260863466187397
6.487723263012648
3.881479813156872
8.68958531145151
5.477487638220119
23.399786136135475
8.171632201487778
10.75839448481699
6.440694412428928
4.322514343901966
4.043250256143051
7.30897884944806
0.5490123077674117
32.02535073126895
4.420249004699168
5.122100319161133
4.870362537377565
12.327537177929324
5.6274458536469565
3.151558542207819
5.02230774574334
6.154262455329775
2.5786472373005362
6.302502140826084
6.561716150247259
28.395750045391967
8.931378138313415
12.821327629357995
14.787082397603328
4.498118308344352
31.696192671941315
3.77940849112391
5.139183404362122
4.390111737459961
8.12109673379564
2.14689528634524
7.195338317596434
3.044541229259046
6.207505257414265
7.653146924268543
5.518294996756472
1.3380901350902545
16.33326236479174
3.5972095003233124
0.3971012227796768
4.987905429246792
0.5083272964732037
4.91437044620543
19.87228505081464
7.282020870042217
21.972301016938545
7.842330067608278
11.445471925985922
24.23305113889718
4.349756514359384
5.815408433599794
9.160694299902321
12.32029159793328
1.2781035651166743
18.15303909071744
1.6410062638436351
0.33002979164757934
1.8690925715467135
11.709734323488625
10.879402477121838
15.266228563898675
6.042592164682531
12.20079616094487
6.2112533751430075
5.2905310970357355
5.1836011437256255
13.895514517878789
8.72313483943422
15.942518780642681
8.344831517223076
1.6629105269998774
35.856232522149185
2.7572253888176728
0.8360312103738405
2.060214384095058
5.060686784184874
5.876471630804772
8.682031990564294
5.7405108392365545
20.041663738275638
3.5185920915999755
12.332630320738286
18.64352122340248
39.51009734981587
3.960648985805568
11.248842922852253
0.6215503372026473
0.13789280936306272
11.371941139429728
8.317858219478326
17.529703877866055
6.3239804763487815
14.351516986932056
23.098442868408736
9.044241399759715
46.96424383210963
1.8209262645376312
9.781756502465337
0.4191410975070236
0.8149230812223716
1.8012182380618553
0.051619924655802805
10.272116225830903
0.47600658131030915
14.088089882781906
11.500285803963145
15.699772873325674
1.5402751519279136
0.9195724039489841
1.5047562768153941
2.067862203570494
2.8050317648870857
20.27185248455842
0.45970982032215335
1.3954895087331025
13.143997236579638
5.322587783071307
2.4763090725561985
14.56533371533833
1.4742776725562625
3.051021466096673
10.22636830953911
3.5161390238891843
23.004620489773423
10.860385025578845
13.97714643710813
1.2534973452503038
12.165536446127064
28.98191845672558
2.2074368728220355
5.151045852100065
13.20520586432531
11.737499442640658
4.770575733427816
2.0923621210513623
6.3697745005458115
9.092095813562374
20.222003812318828
1.9094178029567528
3.780601885612461
2.185010252113345
3.851690732459572
3.7036503240642444
0.08897890237531285
9.497865862672922
71.02081594479431
20.967643020537317
4.256441541461516
5.925506199190038
1.423653931781495
8.491240641000395
21.19618699651641
2.3591070311718574
9.618647627249068
5.882185903764552
18.565732397854784
3.1448522092749784
12.172316637221083
29.177954903900517
4.441459054688097
5.855827198915028
16.067765024173962
11.009879235832551
0.12885885489881146
1.1532996489065928
1.5570317224976453
1.3316667153851367
4.741832837700533
17.087083327522933
5.579332987714193
8.891917350936222
24.32255567980651
31.97963491240914
5.511240086475635
20.644722304554342
4.66491610405812
1.6714087155517348
11.029951298538677
8.81720186537536
5.77273769986664
5.4993825842420385
5.65056976800279
10.198586152209833
7.420613436221622
10.819083775411086
5.417932353494397
5.88633335911043
0.1580173810420234
6.8433746801197
18.38162125744795
2.9844258510217703
2.2422495556451594
22.892795884474687
1.939617903594086
11.27364871383181
3.640937837508499
2.7728105239464513
0.9244560129809423
3.736693035899273
0.8652152316522894
11.293623021104858
1.2516567196212867
8.193473978554604
22.988988245722844
13.290769408093999
5.562108391868524
0.3617928365960555
9.265683641901068
0.7749886151166231
13.831449716665453
12.09393462644575
11.080223760865882
15.68952878123444
18.70221950456117
11.952342112001226
10.857958630143731
3.0475273891304675
2.735489301016878
4.525871217510452
3.371451867220905
9.138627516131944
3.265094138440386
36.920845248582516
3.1924618176588706
11.053900188131802
4.450523749386826
10.333738501456379
11.51073629047041
13.716215646389399
31.022732807641077
1.5308201691632526
23.861249778318818
11.622466300771737
9.959831101299224
8.65533979216353
6.335669334290214
4.580452711911766
5.436804963701025
10.668940065786236
13.216774788447681
6.705227304035065
10.77674861428646
27.349762077522445
1.6279343221250748
5.564126846716954
21.544306022557407
3.5030712454298136
5.913605847834422
1.6038779159012007
17.166198186758653
4.926484314301392
9.363823083560133
0.3841662899816618
20.01901516886562
21.180734147042
10.584398886389518
4.256782449556763
14.9901819428797
19.37345570596589
1.9279175420559895
1.8306491159275549
4.8277447763986245
17.054502570105665
36.34392745998425
1.0485679438896596
1.162897511970754
0.1068944261153295
9.877802810539524
4.800049675777835
12.692085504597879
0.1855624650402146
2.6750462262353456
0.7953737810213348
0.16052909466740223
1.3602568125160241
18.023179719883416
12.130364421619378
4.765116496813976
0.7863110495385494
5.468785279158657
4.358179696984378
11.733989805182368
5.761467349585682
11.807033055656621
2.445293260008333
35.34883615521348
3.6567959352324766
1.5004891003032057
12.177462831857653
7.5664687568941575
10.594901131668799
2.7127945963300624
2.2818255102876845
15.11425404498476
6.69724148166204
34.55722079517546
2.5033814767895537
10.60728100360232
16.050443116198437
1.8542401746391695
15.003368591629114
11.46594486363481
5.740851169692388
0.8842377983401802
14.67032053848863
9.679281210842719
2.1357169889640844
0.678174599736083
7.14963398174786
6.507485011110009
14.59507791172318
8.885785586559733
4.235120767686098
0.682886787290948
0.9314956792058786
3.233232344271198
17.520235988610796
16.659397299249157
3.430540218277375
8.64313768345576
13.565090954704992
10.121672186954694
14.951305380665342
11.890078799256564
9.633189531176837
19.238327128462004
4.892154834005864
2.139085395309415
2.1376976676484607
0.7870135731590927
3.005875302055987
3.766221275346954
7.720624766930354
3.259945858671946
10.153407788150721
4.515013480440349
5.876560975132501
1.4433166303730167
1.9467238916264225
0.11353757958028295
8.20453830386508
6.513108839962761
44.550565955495
0.37968966723537656
2.973317787691561
9.497990400300338
1.6882710145914757
20.13941713212321
0.02509612014835626
15.740622335562552
11.99175138379973
2.9996328818757814
1.4408010501767745
10.196049299732739
6.912882466458263
0.11574805930615936
18.28026419210588
10.296888466010126
2.561729332351867
8.551752636842856
0.8808129706873589
2.7947705573599255
1.5490796987784174
12.708030316185429
12.977386778426077
5.900300478303283
0.8953599437024514
4.534843151986907
7.065936583469074
13.260019033155482
5.855583933749568
7.245782585451082
3.7081998061926305
12.636683913407662
21.2405884941738
11.922061465884266
1.6837291482329355
11.570182040757617
10.605480513427294
20.235718943038748
6.176498501988737
11.519486979573113
2.208339906064174
2.3611361469061007
9.623741887093411
1.3188970534497577
7.241409714208727
14.761549760010594
21.997562174073185
16.101322130168022
4.122771591683474
0.6345284373019346
5.814803745537073
1.3726425429757578
30.93532594005591
12.692887505420204
1.7236232307712993
6.250747528219249
3.0248386695042626
21.94274638063861
3.908246309716591
23.123331479328577
27.55906454988478
14.08843032855778
0.767915167648358
2.5088671308515336
2.8522752846892594
15.165987652409445
2.887122263413439
1.4729666837718687
17.117907345506207
8.18103898638058
0.9181585382923371
4.607606976197626
1.6282111594544888
2.1048763766061596
4.012534724173108
22.64768754597401
13.66810843398054
14.707636643901997
13.315532884307528
3.0934452483553554
23.861047448147225
1.02623572921069
13.784433967598511
7.225001002978824
0.16372182610697564
1.7552408663895227
33.895226838511384
2.3163198667095344
44.11405339311259
16.71418788313983
1.2778600770025952
5.930789087049604
2.58785748593491
11.726330704789108
0.10869836693066304
3.8384802012554364
3.098058249282832
3.596547793051963
8.256798163578255
3.2639852565582985
19.074182426146383
0.32249676502573665
1.6146295791870067
17.877073804049658
13.31343984210341
4.992910725726135
4.1322287699892515
8.282242413647039
6.675949851231862
7.551955795008364
3.2421230562674825
0.32779887161538557
1.800933033101917
7.616956010170017
2.0542290104435366
10.67941992736257
13.94410021206874
23.494798379599402
6.652994252947965
8.270452641476732
4.585907587670919
14.467288566049202
14.239753500327842
10.550642861556412
1.1748057327072348
4.13149026519664
1.4340360275855213
1.6018738142948856
7.231602349697935
4.242735575762205
20.77767252790795
2.6421940507467405
38.723668999293835
5.281290239431504
9.78734189583445
5.820731438410387
2.5309843502914404
11.500636053647202
9.493140472946438
0.6091086763112983
10.625993147780775
15.320154652719788
4.393520591542645
0.3477203894116152
1.501069968398753
7.2043164043004255
9.603202199821895
4.890030845522139
22.37418128099216
16.376434861957595
2.5191167950469127
19.192277031359232
10.877540567677705
0.5780553696959378
12.765900785378925
4.282054744296266
1.1959418336655674
8.980593140358879
15.05637257866172
2.110600284782849
15.16613924041971
3.1602545142238534
8.582847194997754
6.739532621330119
7.9650823211955855
23.456345184723666
15.290332463765425
2.161283092904094
1.0102493957204504
3.0606040584972494
16.21994265734036
1.7964191694990346
3.9313974603037005
10.389743077705106
5.093175716452836
20.75142398502753
16.591562936879967
13.168862944790357
35.56960317840628
7.102109845745198
4.445723598009002
2.737974435352236
2.051363460530327
0.8309080453014407
11.14446470258342
0.2727561220126925
1.371447184281025
10.156223233576284
14.082954045485986
15.84358893831442
1.8859413890278947
8.962111024213112
9.01464394078582
12.584274698473573
7.673670314179742
16.311432547687886
4.615144466293488
0.5576253813643572
2.966622303552166
4.51287768114881
7.138707085323501
17.93024141405914
2.6983509205076386
2.969427632045373
21.06693433092835
28.297011062790457
1.0921713176548056
21.98318589602994
3.1119867337894913
5.823096132248369
10.358989625964698
0.9595381458116813
0.12386708848193843
3.3273354081473667
0.6235535444306595
0.20823218376352734
2.990122147275708
4.6044440060659
14.498152759952756
8.617072154850845
3.7442405769896463
11.479668192208367
7.064378719201913
9.499816563768285
1.4158101452302623
7.533884921181743
8.938372685593313
26.57817259639995
1.32866396085749
11.366855220647729
3.259171954654861
11.021982785652996
4.644248545984182
7.007152001922452
8.69972017325371
7.989215460012528
9.167591279616513
14.092001901873534
0.2014373535844597
19.057109415893997
1.8020360109036866
4.9984353052279005
1.4173804090485715
0.28595904171313197
18.507533217457812
29.80640160475285
19.334294965484403
0.22010674395194313
0.5108910419287034
5.237490934961399
1.8757986024087696
0.3347468821744553
1.90355863581439
5.686277663081959
2.9269305993469974
1.0137000900887427
10.760145601175568
27.680368305054017
2.907307792464214
9.515900747090429
12.307489376701868
2.038593278555437
31.985528573850672
8.105663627851621
5.479446365311983
5.683490424263344
11.431785222901112
2.789508408077396
14.82647107489384
0.015236509204785118
9.84257461476874
13.707755146042416
24.472504906712505
0.17440881224879531
0.4478003176566691
5.662776685305202
9.580286433890901
7.465683963683575
3.0960117984324387
9.870738578171778
4.272195849131786
0.7218307874237749
4.5965781101736605
2.740422760946363
16.946331854408616
2.0357562335823665
5.428149329286082
5.521382944322486
52.96190542079287
4.728263775210126
39.88908232464678
7.321835344484316
2.177818024500848
7.6355966185115
3.9369804140305065
3.62777650503672
10.353423471892938
1.7925302534065195
19.19284884527167
19.858186548796326
2.637174547472522
33.94113916308351
20.017364376105842
7.941510011359478
18.965045942430763
1.3119460763628397
3.7435811913539743
0.09844153127678129
0.7583709923887861
16.258378529501428
7.124694343640787
6.0119554193052505
4.764970803559646
16.157473061355432
10.62939030979537
4.577219042841607
20.280528014908644
2.1361404342722654
8.2059155671136
1.1220929515201068
0.8216868068888953
5.132955808235239
13.00948084416434
0.29411967106007997
4.135687901339468
1.935419395440066
11.89061268768285
0.19611160101474356
7.336578962139297
0.9589198975166012
10.761993086851067
23.006227431838564
18.03681616415518
43.69821772388774
5.317886266824378
10.237227081965054
8.81233935944954
19.33659838065544
2.2858453277893593
18.728068834765626
10.420858130781783
1.6457224885581008
6.653829677972691
5.394235642483762
5.074125769988418
21.469393840293076
5.5505620105479405
1.1573982483088927
11.280292259125563
4.387592933971195
40.0838714167136
0.9701107675472291
2.7715746400217425
8.998789220848405
7.15295435017185
12.6417256448483
4.693296804063933
3.8010806040932272
4.1107428248295355
4.07368866189971
10.659770324325663
8.157701289165308
5.85156801275884
3.6586937484774236
0.022897942532079458
3.930728308295488
8.181761837173571
0.1381476320698351
6.172494726139755
0.08120600102392615
12.920033841264686
22.96139787414432
9.589474235341303
6.650810165948513
10.422942884528386
2.864156859362862
0.34056318859967977
10.959515431894474
4.448501432995584
9.959985699718628
16.837855924126
12.005825406181351
1.284519836633155
4.835392971269898
10.595001404043986
17.909216156179134
4.187920919759182
0.9569182840266103
1.2216477012332778
8.621798315751342
22.091133470587614
3.033814553258448
10.826839517424183
3.312915224812458
7.224335374625859
1.687938637273499
14.709019911352863
10.295532678539589
8.441725318203645
23.000610665021377
4.8728522134607
10.396116768528056
6.124335122751068
3.7376872497258353
11.116601980283383
13.924630635401144
6.847550877438179
72.39145823632192
2.7287757803130006
25.440516958451692
4.986967808965709
8.601394165891211
10.807262607937572
1.0454288173655228
13.804228699946611
5.357379905606284
3.0380279854299
8.349574986221535
25.842847267621472
16.12623440757189
29.349423701390105
26.6362595274633
12.046675578093407
3.7190352485485647
8.300063029210243
4.665669042486747
11.939718244882986
8.895643091676806
2.017663341667597
12.006658026455229
4.322926922670658
3.9565955437024587
0.9901164756807614
20.04548772355339
24.364905493753827
20.15833757648571
11.803583292336217
4.0332748603259825
6.912855906751635
35.268093428389506
11.837157165580507
10.705606730411445
9.40540857261779
10.013096534889616
5.866014417527599
13.09825055447398
1.7766608171942075
4.250819294593614
1.753249980475632
12.327376073463594
7.478974702898508
20.021648110642072
26.68301831907543
4.26839516276733
7.822397590492376
4.026420995416825
1.74593118309212
4.427512281121488
3.406922503087171
0.9410768238987561
0.312406245707281
1.754204453060155
19.60640189327809
1.5938884811340097
1.437060190545808
14.962602688841406
24.211635588075186
5.425147490514569
15.475252697598604
4.310808615858101
0.6665102099996719
7.770344895025878
9.557613932345737
2.365968917297462
0.4195578265441883
4.044095713803134
10.637128708851419
0.8701098829348254
8.922400116080622
2.3303843385612906
12.88797711047519
6.722417247476678
10.3471620669028
4.840848426395225
4.134120449386219
15.850888582458012
6.930488297355278
16.780780202903014
16.61778546636835
0.08865728806824465
30.706253150590143
15.639222429825734
13.157298851692284
19.379779967620482
14.471494066056085
0.8673063836777122
10.88721612085773
21.844702703078056
11.249652993468002
9.984762716335343
2.652138003014126
5.28615566713155
1.1138359506059023
6.193961714821026
2.1395846266309384
1.3344104200833078
8.378702885594913
4.295823832933161
13.349644544147983
8.518462367820138
27.473932774457314
16.392606935981988
15.811320282246886
1.7504795196151428
0.05453089356289257
4.6094038652452145
3.464817444201148
14.126250729258553
1.1890900506507283
1.6167639710801054
1.7403054424329374
6.006875907690936
6.56158787630512
7.589191010367372
6.689682370202558
36.483611686313225
32.27769768228841
1.3791013135670487
7.508186530114765
26.967704080116462
2.6016169291019877
17.632196558149918
6.698608697313579
16.350166091450074
5.615614430011712
10.185262026624626
8.72556079484394
27.348235631854262
1.288244628151906
13.241433386506605
2.411285193983781
13.065029588441343
13.226236275644737
1.6879845194537724
6.481651693271617
7.859261779957488
17.842231045022444
9.844824688704792
1.8101822070052755
0.19135953682928758
0.23915071604945937
28.57824894204546
17.134578968653308
20.740712073769558
4.300389440832907
1.3070790982003873
35.952271814494196
3.2158036164964034
7.2688602463051595
4.610416904292854
6.108672679694751
2.1696111800976285
15.874392689267442
1.4447210985531589
4.607224096909248
1.1222085799291543
11.59212428350808
5.316231987490233
3.7906498383868388
0.8494744117810679
0.0204338196575174
3.212721764579484
37.732539172149835
1.4399454584931335
15.379527273719908
17.990783739898472
7.328441066083761
3.157636294117106
0.44113842740954423
45.04710032851949
4.185239694457598
0.057223327345689495
7.443302657456393
4.331193233270786
21.37064972211374
4.063240315439412
2.314617892904214
2.532919700841003
11.145277304924425
14.879646627057989
0.3945227047977496
5.193994544950281
34.603567303680954
2.08791027889459
28.218415133053494
9.261439473901792
0.7510524882706003
17.48958803562625
9.779736993014623
15.252750687124674
1.9130571423471134
0.10593117021165688
3.474877411379085
3.1317733912833017
27.844080170996797
7.447402602581041
1.4850220765705755
1.977082872071513
0.5043966671301213
35.75112476044307
4.269228578688282
2.7542756765915555
3.213299684949783
2.579930793629794
4.245427181693614
13.142201483240902
0.631570697901824
5.152647240868153
4.585475867459739
0.9880237198636909
14.08203516918436
10.939366282222641
7.7172744471698635
0.5716661939323526
25.115754414156733
2.422566871292542
5.338205534407087
2.3406146027305472
16.765458534217046
2.730223334114163
6.74625215545484
0.3594393285421122
14.818583503631567
6.4640924745738
0.7660828693889203
2.2774158782800895
5.162897125874238
24.364189922570116
42.96876050430317
18.796073149524602
3.726629239189754
2.8112954029781085
0.16727221233506404
8.947238823377079
12.124512696638421
5.237919866977733
6.037316390617304
3.532626869413206
6.417077419230726
5.171014712667907
0.4163289110914965
2.626263065448238
10.718078159065481
3.2163207039756045
11.056438691050126
1.807891249901931
15.355539180978568
3.677122480971023
5.054300239437889
3.1471351349691807
13.923226179680219
5.74173220537314
0.39713241154006407
15.327937273844112
7.842516223364822
0.47682859759962554
11.501988351126426
9.171931485009528
8.020270228517347
8.636327996749293
33.50204022030996
22.501557174795202
3.442123053648427
0.5129246136742848
23.9689856996963
7.425727479858688
9.06577938102757
2.45734664223387
8.357877998560049
34.11516122186796
4.563917676801986
1.7628349636186238
11.614467884426999
11.520211491453967
1.5022957148718323
2.9227890856599568
2.658592024761163
7.96489520717038
1.8101199380287722
4.847040625420708
9.552832723785995
14.89363596806173
8.592561458813739
2.574597271543691
13.095249245488308
0.6274972864344724
5.926481297633893
0.19847120080746328
45.442684798876705
3.634211873456235
4.0048797528854365
9.49703612747772
2.9669736915697
21.51699549042225
7.977146642897396
5.736002361230268
5.527737966199866
5.942667168572266
12.517155312353939
6.238383007843366
8.130029381002519
8.890817353304088
1.1949460680869304
22.677677523581185
14.319196272231457
31.908302372824583
10.823771992839733
0.9956695306806523
8.691795984039258
15.57813229726499
2.520805246928829
0.03704399647070404
17.00671712619647
6.664971400673246
14.059438102728247
2.1495815437816588
3.2007628052455854
22.417619759728833
6.8629790725145385
2.442677573651552
1.6260658849467622
18.951247556111664
1.949563503761253
11.223358066189618
10.843404016868984
0.15017848703828024
10.001413300029633
12.42512633395798
7.686535920809028
15.539064960095471
10.953417653661365
6.141393926068683
5.13598196470905
9.398527423265199
3.597999203310539
16.19027470137618
17.101993784252333
17.428625782382753
5.235600818943898
0.07705851199364952
20.394463297962602
1.7404015625248588
26.044286686259817
7.76535041456034
10.168169590712646
6.5109585568095305
18.20143724403648
17.24677661295994
25.154772489451528
4.270735073787564
8.821924624503582
14.424605478755838
1.1971063784575842
2.6796432479863306
4.330822500875424
1.897194513866715
2.903075992533187
28.620515873539947
6.0118521082066065
1.8670738899877992
2.240622948003433
6.26640200254548
10.38790296808999
7.887200152332147
12.50842218152722
1.5558216614546958
20.983536272158577
3.8707272912763373
2.9594577260761037
6.478529320406267
6.11814509904531
8.511757494185211
0.7483896631566689
2.6419492591975686
9.102949457234898
2.69654832981438
3.1441839405831242
17.714030803512102
0.5434371662009889