18.843596259900192
0.38626397013126673
12.684885369912875
1.881677501084427
16.07016137624826
2.78808106577239
8.661321806294165
17.875182325513904
11.913876293533322
48.63617907498478
48.67531543196166
8.219867161894289
13.302400290150912
8.859042798431936
11.708957029759013
99.0202824951527
23.579858070878167
2.5521993367883895
126.62612057576312
15.696109291603149
12.643269166747972
13.787234027043553
0.040749563289111924
7.349760958258228
17.875104837391152
16.166630830540765
1.4955655168486213
7.58009464919188
24.638115526271296
44.636263222681606
53.81086166776522
5.423789124164928
22.526704714264707
2.4335369374863998
39.49366544209019
50.382457565129805
10.370039450615753
15.410452192902463
27.26586153168581
8.9015584791489
0.8991954609500828
20.066538239676532
28.233601752595575
21.467951957522114
2.5847444725303483
6.922271095167401
9.784657426150364
2.4571547076894436
28.48472649819138
32.91764163825079
1.9314540882950961
28.4627678887489
22.609858603530462
26.606404661566884
12.96667588565915
4.0181812753357455
18.9666809554372
3.5744854791947573
3.2787943959122265
0.6749782841037512
7.574937637332419
0.6156541541852871
19.287813773881265
36.367721736292985
10.917887485729814
44.40089485715234
26.154547566982977
6.184544659036754
7.346327479991688
16.5530984232728
30.329821070081355
8.20640549119052
35.26565718911155
38.71978757789982
3.7565733844942106
15.249210246619423
20.46632457047566
11.559685275333019
0.3102136759798286
0.48792958052859564
8.19179512563783
65.76814596755058
51.31388873049971
1.0310260929689177
0.45675957743166473
40.89505011150815
64.5012982454558
23.057985284750195
7.87331041675934
8.937998082415561
9.343994061687448
11.381532440448812
24.834700571266836
19.141307958165267
10.478554125107182
2.580508910379284
57.889702260499774
30.64343099362192
7.041174392311588
32.16509281567805
2.529177226123184
5.504282456497548
38.67240370822165
20.29295645226756
37.094833976020375
16.737545386967014
54.3104776033603
24.449058345397372
6.492784612719542
17.82221976845738
9.389965843158276
6.617750390515057
0.5685531965706886
18.562834275719847
37.04537324553099
2.2690086511150036
22.617856401661353
44.02691092104197
5.052513595064269
31.94381230420093
21.415273425803022
32.27507300440153
26.65413916242893
18.030017162047805
4.559193260080731
2.2660921975658885
40.41157308990759
8.238685699099838
76.52665158868017
16.46167153968557
51.87893836881994
46.44647196910662
44.4108223951449
15.972180991810761
14.743282905170028
13.553115471186496
18.903154051536234
28.472991408405683
22.59135711256326
17.150345198986397
3.797832726334816
4.881666127432353
52.32190056569684
4.09329719691947
10.898726662398282
0.334890388650064
47.80937165076864
3.7849066695164857
27.44033112916321
0.8182845927775243
1.997397244071269
0.607629446468052
32.26011542103755
8.937019966691315
17.495491728464753
1.7454845025930683
10.230770097330755
4.620085575201258
9.815916219851257
13.02411778210079
28.359680191734295
28.021451543170908
7.058370443826007
21.227339305150497
0.3285398887524591
31.5751220472105
7.543328976957007
26.892908133814856
12.279275990995417
3.656556489031954
18.305024051353836
20.53085549130031
30.836084634836006
4.925726028838157
1.6821563482705089
18.95526286546814
13.287640027366024
1.7767416875798197
50.302957115756506
101.08000521696935
15.745173773330603
32.2418808407847
10.781746572298484
9.426644253093079
51.109592423025674
6.693778078017955
4.982543764557606
33.84342018854707
29.228721036004412
15.976145995853628
14.418273576738951
25.000686755796043
4.707434934221815
3.1322556942557687
4.183741736633175
12.007910926040338
5.753089946307436
20.594618933848224
27.617868586458297
0.9155517401837449
1.9903834326925753
47.77463176306448
66.11359630402701
83.14910004784282
21.3354688356485
55.162378886075366
19.2107654076392
20.31675148632026
11.23537406898514
5.372495159160219
13.273831989925288
1.1823689164942404
49.30839058149429
90.91634008179597
20.772239990002653
68.32922008869245
23.178520303307163
15.961871139540609
15.725597775481313
8.556294559152603
14.739012319980931
2.410885596696169
15.532771785999687
18.235571909003593
10.757853291149772
8.67156247252348
15.05050674490917
25.000502334036966
1.7001899698384881
12.780740924732088
10.26864501280623
11.65924093646758
57.983204458378516
3.6829573498425603
12.775355366748123
12.140754198271646
33.40575959190762
5.281451272963223
22.03224382705388
58.74853173336078
65.66616302467116
36.67935149063624
24.495829217999802
32.90748005620522
16.514600729407974
56.498164201260586
47.27500572519132
19.37205674837903
3.052544760554949
35.46240456473528
20.482164369407993
4.601599686601703
0.04218749605482814
2.333129558631815
40.93055989130557
29.379503600472997
10.200700028763997
37.19190562449289
43.21518853786698
23.771328588320195
3.363076069329456
4.792236423864405
28.798889907786236
42.195168981386566
11.612561462597807
11.350439344648823
9.786968539955804
10.027554280014082
33.036688066624706
32.0708148789657
24.350202863065928
21.608298597488982
4.821633686822576
42.256624370788074
72.3975999364049
2.1721040582313167
89.45398767753107
24.019950507737395
36.172432294490285
17.140752637662835
18.387026734631625
75.3735568062074
4.569312550246482
7.673476900609385
3.217831642335483
4.664214114325386
1.3996120251565907
10.470510921964285
15.427901173070733
19.339397327550202
0.6391277439696365
0.3180494496176646
18.066391511628574
24.80553560557842
35.8118649667835
26.94866548297457
20.78413674233685
2.7448817665911163
33.38850459526538
31.77580837737077