3.2502371712182128
1.5166913526853691
2.2737041510477676
4.348232942386539
5.914638877001244
2.9668706697769265
0.6334562765472479
7.221413969776833
2.1040488987837596
7.105164698598133
4.376086243329207
3.9617937921097957
3.938172979971007
0.6006013456292252
4.352049975459739
1.941282389120299
0.6532548393563493
2.63956156471086
9.950320530960958
2.3052778236795377
1.5568241256925692
10.747108118911001
0.198493418984723
1.1388623555558284
8.456036804643897
8.985765097377536
6.38095706809803
0.26656627549054684
8.812688234595186
4.503352186033915
5.783345068617315
1.607703447137596
5.19075683500034
2.480138028893224
1.134841477206005
6.18333205551437
1.6363399806432612
4.846395817239559
1.4463603495626416
0.37539242406814444
0.0983785640486669
1.5088077718843838
1.653430274743519
4.9738096014215705
2.384810769810582
0.7734389858856008
5.41793158311839
8.038738458914255
3.0758102811670254
2.4275106209872255
10.662799713346926
15.307045843261035
3.440861806983501
5.672496552457969
2.9843619583452066
15.512243908540649
10.378653485321388
1.9642114762524798
8.207302792229825
2.2782985982375683
6.3338794278287605
2.902228103082926
2.4345131126575
10.792855173143407
0.7956251695442211
1.1037970665118784
0.7508341805893424
2.784301300655877
2.5118303233330193
0.7776264280755616
4.617321028628244
3.055408060972471
22.494016997298132
4.5690358823304305
0.39698850966545274
0.987216439171283
1.9285811315394061
7.906399620519079
1.1495109188337151
4.915494012260052
11.082692534050134
2.091741939054317
0.0142504710090795
5.11308368121105
4.755208117474048
0.39699826093623103
7.5688794997790785
3.8007753533939317
4.622247649308891
0.9733489381077487
2.52696128770802
0.15344361192969053
1.8016026721918839
9.054853661622033
4.441958661039976
0.5002649397982563
2.9607383128482603
5.1377203965089
2.5181554803379873
4.615991846301501
6.46711990484132
8.498803201287133
3.4591721135951023
4.450543880102962
3.3854525127135404
6.868175083358352
3.4725144268213137
0.8531463984159288
0.9079817009523532
6.3098371762452
0.852568160055919
1.827688274217422
6.365868352363471
1.927825068039605
42.667563904493164
0.1600750279031053
5.095928038669936
0.7816298975350168
1.2395582611253402
0.18924610191106608
0.6526127497595026
1.606271030921229
5.960062564257041
18.624994491236226
6.811522735789121
6.42404189860479
5.201381164116436
10.570324529444886
1.3177944171870053
7.581634253712963
1.663511952712383
7.901061082825039
1.1555789133711463
0.06224884169127007
18.682682863902226
1.0205623193553315
12.480558540998363
0.021023750338812847
5.8292957867083715
8.546722094811589
0.858757214618699
2.1087943695231433
0.1929320287574191
2.3790309023316403
3.097661692935731
1.9679284186066806
0.9162239244001391
0.363070328664049
14.305630057740368
3.7126046190390247
10.1264289647326
1.4277919953797804
3.125922119170625
0.3934696026794061
5.913223477630193
11.704968062078875
1.5741779400174678
6.074881760760341
4.263344776417527
0.06622138432964117
10.174872418945913
13.936036576107023
8.723462908574458
4.209832804313701
4.9647820891556265
3.616054480194827
3.433094035088776
1.4916457469769433
1.7329448741645497
13.818664955172826
15.142059310549937
16.600485790466614
13.45763957175636
8.74825411830895
4.20653387961985
9.846597998331044
7.5818284475170294
3.362002542562775
10.845300903641379
0.6648585923123062
7.533854476789729
1.1676969470755147
3.9340258980144247
2.543881633611314
10.165461589132992
5.4350033759922445
2.7484957543608872
1.2655074136981352
5.702532271173387
1.796684991136679
0.31207102792232233
0.17503556703226134
3.3383972270029383
0.7078719844532005
2.999859641111288
0.6280549574917047
1.8759686722891524
7.816475336967701
4.83560545883355
5.783853906551099
5.063289323853915
3.877875650193194
1.5806827094338842
0.2454940596035225
3.8641518002171167
1.5117537931413216
5.637173925827833
0.08727793205926594
9.717822981367465
14.421554527611677
0.9443647854708839
0.8385255400818928
1.7159682660059437
0.8848228711669192
13.10477198796236
0.5502558901639635
2.9113741787338263
0.7271541620539231
1.5623713306192006
1.6622989811730569
5.455479244602992
2.000916133919767
1.7807780703100307
0.18649470966021695
0.12285785241555533
2.44484398133208
2.1370622532807104
14.321781641066789
3.5423000685041464
0.1929961350306869
0.1189920437235455
5.194649587501473
3.39774065313907
3.864714922865379
8.897866091624481
14.604584333375357
0.9492641643654186
4.128986519373061
1.680172119916355
4.411564025940069
2.525394482971116
5.947385778526778
2.2404579402947244
7.9352329432610285
1.772923424448291
0.16348608246395027
8.945863281130542
0.47968499741466797
19.006595081496688
8.337501856360651
5.484300998661956
3.607661326086123
5.506061234875569
0.8165173170124446
0.7810382767039561
0.13031741264778035
0.7031007261702069
3.7506224246549413
3.2042500291520755
3.3132829602082086
1.4643768741464378
3.2772570570792863
0.1337829765776036
10.282705818466452
1.1922503559550164
1.8038923856460278
0.6843189061039834
4.309576000444611
9.754895801633884
3.5152167128334213
2.805289190800092
3.3804872447710337
4.072792841895064
4.013004301828122
1.418594430095396
2.2390556644578923
1.041728592339182
1.662913695942971
0.3541050801930337
9.142425265143688
6.446870108887136
6.3652293588668805
3.312196682320458
1.6801339355344262
16.33889024689307
13.648728608203692
1.0772715804331185
0.944971188957193
22.93152456620919
1.0804142670570833
0.7252545827800428
0.6249860341552284
2.150685152672197
0.4394832455677074
11.351963669071548
0.28226859464413745
2.876782130512387
5.265650507545246
1.5666404884075342
0.3030283746238055