2.1449509307505243
5.03645633297654
5.882298214035636
1.7582929429397771
1.6972369656228528
6.265463815766385
7.930181516788384
4.705135866641369
27.459233172959344
12.153414067177547
1.8469150024420442
21.64955511439999
8.668566971743525
11.624602711286009
9.541483563487713
10.913449659029924
15.467452709206084
23.904771220303587
14.900676142543556
2.792410491634043
8.372277998338355
3.571182227703558
1.4971295297163767
2.3990818236977276
36.45731011950261
11.852425542037565
6.235476342775789
17.70075826439978
16.360320489351597
9.629654608465701
24.551590956149706
6.649582862865821
8.42886326511714
27.300137451827734
1.7446752332535393
12.266795900294673
4.693534547294153
0.7884621851682109
7.353882620528234
27.66171483382731
21.103951007843957
16.783280879330917
1.499872961122226
2.6321239998755703
1.7062961384996072
0.11939996910319088
10.950861178901102
13.335939447600458
0.9756284883380006
35.531850086455684
13.254021710461185
0.4408173480134686
19.97637416297835
10.905735245207286
6.871417799860564
12.81205740594017
2.7684314290220304
1.210364785468476
0.884829275480058
2.6483882261623126
2.0015303867243244
0.04017806073087909
5.387279469799561
2.346997310299624
27.78834536295234
0.5970788441506517
4.154349541017589
0.14660227287011862
0.48265228213345746
21.374229570285227
1.6438668871073665
4.288366641937955
3.621754570030932
1.4907796484956641
21.865844616682427
12.448323353528481
1.6312420807035075
15.228844671268602
11.342245628280903
6.324296411635568
1.6303698407172855
3.73043905419398
14.29298985783324
14.381881635186902
24.781757533433396
4.409448878647023
11.53418435694252
0.9914162235347354
12.038892571389884
7.169374996923494
18.460363921926067
18.096774683421405
5.489647702913692
15.039529771265633
1.6931109884506645
18.398708803834396
14.077772943835974
0.9910664281476268
10.946058847224595
0.3759685902129919
8.689900893282964
16.18259952788458
0.495694227204732
3.912036802209975
13.171350735127819
2.861221760324928
12.139037354747328
3.601327734268197
9.96898066284738
8.61399619620307
24.85975052695627
10.799450322097094
28.492860164281392
2.5556716201322476
11.756739773646553
1.3927511479755332
2.2294279480560055
9.540669105009142
2.408980647622648
8.073301953966386
9.106188724493274
4.50371142097558
2.8038267133981765
15.792400787100702
4.675184979599691
10.793000874155574
5.921223894565859
0.44391777184300346
8.765189241489628
2.0213429229335285
3.2210151844798807
17.100721150407885
32.1077287705081
12.10269043844386
4.960811307573157
8.18636215090804
10.978617886362677
19.370086665088195
1.0948547794005614
6.226679625405381
19.15871547286273
12.960683298798457
8.73019121182588
16.8636760897646
5.650439539836442
0.6208314867646234
1.4308768661639992
3.9733266782447094
0.9310505309602648
8.978928154629028
10.572344151027819
24.68052059338829
0.025348739862916244
30.24959788290656
18.809123568775103
11.97132385163088
14.479323588687167
3.3416708159549566
2.685285818954881
5.250191955959321
11.711524210499608
0.6663759291724537
10.091898254827473
20.710964061266676
3.8976324590496896
9.257755639235208
1.6689158832973485
0.5026353702056869
9.916207687805967
16.78617583503871
11.607399582430082
12.194432669625831
20.74773200980304
1.1110227237863433
12.379064617296045
0.563843919221758
6.103902144199953
12.17155589867772
25.696821173018204
7.628531580550597
11.059905490346619
35.29939739003237
22.878775290326747
57.977739780425225
2.36727812835847
4.09657719073786
7.224999143130557
2.86006936073949
19.45667407565379
2.5417834403944726
2.330225337465672
0.4037884639817637
11.325237690119398
2.8534728171144317
10.335239708762863
7.551470302721797
3.062963730832311
21.418699407293357
7.579716711865301
14.763766085527713
11.899589990414345
5.912678683760193
0.8946548521674452
0.5957985804976675
1.2416483823398092
34.729133528368614
2.1021266789782906
28.290590137478514
21.27661465406643
2.8211589067414127
12.357258096715661
3.2211444941432794
35.85730101769017
37.87079899721152
3.4640372280821006
1.9131946686881312
15.886715458003323
10.309859582044599
1.6912274415755528
38.52512257001607
13.999620982167169
11.736311122017149
6.750218928044234
6.576070776060251
1.1953771018679125
0.3932479424603169
21.412874828018573
7.943402496621026
7.944202732784642
2.805585422568105
9.700491753004114
19.787252675669528
3.803951124075455
0.3799275920454329
29.17321339551878
20.423148561256667
13.031935425725132
0.8416049050931899
0.6202377476049686
2.4057576456026104
7.657581096579314
31.404076039344265
17.934595446994045
16.59245937842104
6.486129489968676
2.2674321955747994
16.009100077662175
16.066908531746577
27.326242914219502
5.697398196425608
10.439597033944148
2.3565872921511164
9.661596295359903
11.789561864049443
11.527898413043529
3.641527829013655
0.31032367548995876
21.55422210340245
24.765880105804452
7.660270127129837
2.747444862956874
18.560143718252203
9.00491908926924
9.15381174483259
4.72951657818003
1.6588052029581266
3.797160428032872
35.18399115162321
14.832198869266763
15.612271397124394
14.066731981851005
8.287275762134026
20.835317875306693
3.5388325928983084
1.5853345276251218
11.84354517930054
11.53401818579674
5.530868072747237
25.370694685028926
3.4514540236598976
25.953362294217897
98.83120160367777
26.85479425641338
10.675465311445555
5.992136648098469
21.273928334304525
22.27382995105462
2.2973541210121846
23.625817997234087
15.394761794980386
0.6486148294301395
3.2125993206232515
14.143603074782014
1.492414828872609
12.874939208751258
12.342019493185303
9.10125013734249
13.27178889549289
15.893749436729628
5.764148612288354
0.22147619507890817
4.97814473816294
5.015302058120522
4.4109754529115355
10.28411682519871
29.43355920296165
1.0573413648007741
0.8439300504177821
5.014323268195839
2.80574611760366
0.7150863985105373
41.07564924200146
3.3420848290120317
6.6842602283410315
23.937078883131854
1.9707651065525311
31.561924506540308
2.5763844538880325
16.67468635564858
0.4526854782945284
11.568250281394585
4.611824682404582
1.538301392123675
20.363807841635385
4.236276102592115
6.9106336961461725
1.908487510030071
8.780324432788683
12.792237899195891
4.164088338280018
27.01939241087772
4.5869258166661675
1.1304745412536177
13.613617756506741
4.477333617167116
6.881148262255541
7.640190350058635
2.5201828832121573
7.72189975381586
11.039252212655692
5.521628880654592
7.493088351069849
2.6445238981601364
1.4404669321161037
5.2635454583713255
0.09543189427210762
0.8618508903029345
5.417411919779581
20.89642939832408
3.262668341688606
35.440450228664375
23.213507091392593
1.204331198431605
30.16056936879241
9.094717025222895
2.470330087311516
6.787779308978567
4.659997947302135
0.4727941952053207
6.922383109544974
4.710974865692766
5.743437051485481
6.974754078632001
3.2996470640972406
31.816540266561372
16.5952653090358
1.4579495694774818
11.144907755913204
0.5534551754107041
14.797921733547414
9.663930862798898
24.173614981208914
1.2428782157350207
18.17073138997042
12.336191535907021
5.756936743704143
6.972375993620244
20.14450747856129
3.655974929108873
10.902980824561114
21.579325167450996
0.22625752710934344
7.021429375668811
8.693666567890565
9.231371146690424
26.525235329728485
8.770196183424252
4.528132507807034
3.305457372278384
6.555024144279815
15.287731615337533
1.3893559536267683
8.167846987345285
0.5010602474807262
6.287037265364355
1.0357486783421257
16.266550754139942
3.5241096176763946
9.726942888778911
5.4871975161390925
49.39998864189981
7.676380166806904
8.450590228785552
0.6128458707307844
23.956540506225164
10.515577151767417
6.1282404443562335
18.748499821743245
3.1589692289236084
16.12296874226365
3.1626820784926144
1.579603108552101
7.511479992008679
7.6206879028467895
10.168804624062387
26.140406694400852
30.995987064794942
4.749043978265248
3.081414722526619
8.284098026489993
23.03567846413713
4.061426345985094
19.35068821202245
15.824468647223675
15.080440223448365
15.469929936828082
8.456667644152544
3.303823681560913
1.5993205289136772
1.7165415783815923
14.152567490770558
13.730994880643006
8.12110022085792
3.1142271122571388
22.3533201669045
17.55093906180682
5.436529893311661
16.67622726542823
6.683972532566246
16.20310418288874
9.290935237771675
8.148809735039725
2.5555199069771035
3.984594919139052
34.649995052926855
31.81470473923476
14.728131441499645
0.6727880957673644
14.56839525488023
3.1030534086792456
43.33348920685851
2.775471124413154
19.730264731622444
2.4194698843783304
7.231441415280624
3.5310808216623624
26.181875470599294
5.184707507818419
7.5412267606793995
6.1258305760422935
3.7055535456485758
3.543361144477296
11.4794009192247
7.968117010422644
21.507008111358168
20.340249268528087
2.5277675698366004
25.87328805060102
23.29398946059291
0.7062574225023988
32.246512361976706
0.5792091132066436
1.7821078086039168
1.904786145466549
26.55201963474125
0.9495646991972763
5.795554653086228
30.283815601669883
1.7614623174520687
5.955507377758944
22.463662109222053
2.5290057327074207
14.810486671098559
12.058839296531128
0.6415100178256039
1.5648161826258933
4.0227869128879306
0.23250432318257028
33.77271098076553
8.720808515123414
20.891923768580295
6.705307320175426
20.79546127574591
16.37926939206217
6.998193705874497
6.159325067379718
0.5210521713634116
2.9930616543995407
6.928742105676358
5.830838712687407
21.152160921678053
9.977682981862234
3.8864115333026374
9.875239020347305
26.673730659451
14.604978898787746
1.4415235484414208
19.742666479188184
12.459022167169891
9.951882792192464
19.39612869566694
7.279025815753972
1.8537677711939489
26.31469382695765
5.366962799683289
11.157018861886268
8.771410168957487
11.973090920224562
17.856405904930458
13.081083059461923
5.2032685843626565
17.335771365679495
3.0848311436510465
7.263665860494512
15.599336801651729
4.348984018745051
6.18801230347819
5.517196690288978
3.3042539099769743
4.927389044363694
2.3578364065264954
0.5851810093549448
0.5019852290849592
9.465126845602578
16.88179538778826
17.738940980089687
15.283290792604642
0.5996872119852156
2.361218911312372
4.691772408388003
0.12922150862704532
31.335282029560126
8.336607523920959
17.970768559759218
1.336798464698508
14.832279154162302
25.553403752998893
7.134464226268632
72.3439333831912
2.2156241231072697
2.6348952069564833
17.840541940737538
3.520953367188976
0.5173480270572638
7.947841138329277
5.778528464914058
0.9152384176797765
3.2143161476662834
15.232175605455696
38.471573581623375
1.0106752621327029
15.195081318120435
2.8481828756462093
16.443979255943045
0.7045770125451994
9.34637005193084
4.838833399084104
6.566166151431825
30.279682272241143
50.329193916741524
18.62741150217553
19.573816241605293
5.651755919819761
26.946306863392003
1.198184746726657
9.76083688907135
8.94206460753678
16.570456848984843
12.472742199945268
5.1643013824653305
40.4325329528874
10.096626990110469
3.6660010653235884
6.432017038874984
7.21648410123494
6.263598015571187
8.769892130495068
7.521342749398923
4.362398090875109
0.16686288042889957
5.86373640180573
0.15968392418556893
3.980877506143168
24.180362167994492
3.0156170847782473
16.922632629992332
7.100897847566567
25.395565286493337
1.9314013415599283
13.536035092185106
3.2214521434888934
33.7803518726424
23.05568693296547
0.5599945297880968
10.992004330034115
5.281733109832998
10.518180899041301
1.1078268198373569
1.5429374124519781
20.66523961229002
2.899206367733502
7.7151869443952465
3.0260220332707033
0.6683098723601387
1.5382302762200846
4.414247857378652
8.869539821634042
0.08419213197259522
25.03312976073785
43.92614892135563
6.071480176473527
3.1874860518503443
0.4969938171983433
3.518061226255475
0.5477442315153088
17.000363028295656
11.578713646933126
5.3311560248283625
32.903978612485936
2.561410249842859
2.023081677684706
21.863095807692005
1.7783407445518125
10.270370848200743
1.6023606445271936
17.967475213352877
28.657080919008376
5.9780075462394455
5.719498385005802
2.6399551460716535
7.068505269913212
3.814381549423904
4.159154459866669
7.837387458514735
43.24626556834845
17.662681872958554
4.648838059435073
1.7085866994956385
51.41718900336593
1.1474333113125914
8.600909094403224
2.745451561338823
11.356242061366967
7.462388989015371
10.721451516685994
7.341544894677565
6.177689879546867
26.113600566453798
13.742635744296223
0.2634280821775351
1.6724295086374734
0.8406890267112616
19.767433752110673
6.130522925274841
5.501899680730086
0.981618398065056
19.574839575449083
20.719480015299293
0.9662423828934577
13.744508168297003
12.607423994290565
10.84025208576598
2.80457198274276
37.50380918213552
14.040764391358262
45.83904317981405
19.786131919805577
4.06301710997765
0.8862096429422998
2.4138100446444453
6.767607119472039
0.9101588277828743
0.24926236919100597
2.742751124703066
37.467477401573575
1.2176698656624423
11.550859463569637
3.5267921080511124
5.728153201359814
1.7651186370089198
1.746006179304135
13.82302176119388
0.40962770992261865
1.7601842911739995
14.262410870584889
4.601388316231139
2.6562040899342954
0.01765781574030922
21.598431475967107
20.562672816965854
19.234669323234975
38.93649787819497
5.449792157209316
14.178756077531332
10.180900605305643
1.9483779177277285
12.914144543516029
35.11415954188797
4.344522614204723
21.073522965884152
1.5529552633314168
33.310213512530254
3.498458025566833
16.518784488637642
2.2425883527500097
2.5293010704456993
3.6157763650860115
8.275371752077346
8.980773936402354
21.05942840643795
7.7353718312974635
6.911789425762668
7.165990377053171
15.052198875717353
15.702719095801442
13.794426351938496
4.417431602772153
24.948021832175314
6.0950894583893165
15.446739537396876
13.516487902929816
5.226619098048292
11.27466858985366
32.9092664352406
24.73114485105827
26.391122223357495
18.715663702973522
16.40460399869611
28.957354752572204
25.13285994079809
4.115334038500888
32.28592999386275
1.0898568230996464
0.12414975925057926
2.0795063658047894
0.6836862205550126
4.47808745144211
18.574567858843597
36.46353333120552
1.7134588521457128
2.954768883937028
14.655513092891033
0.8533855819926969
0.453039185211224
25.89745643246668
7.08462885704994
4.234970193784874
3.236485831533675
2.8725293424143987
26.402497871369814
3.1197257432936345
0.401947467711675
29.11183508269454
5.320764159574921
5.653588055898701
0.7950689643813444
1.0499457034155102
29.651097793953795
21.234782852815382
29.1936403927986
2.5673497801163028
8.32617375096489
33.22922619425871
6.625838328887437
24.01059462053845
12.044338323753289
5.163745765908064
17.588392050929773
5.162019612026168
15.752973404497428
14.347724925059033
8.731080333004314
0.7569864575730482
3.8634575001173164
7.691067557069769
10.544258208523617
15.018242063037665
1.0870709037722592
12.374136066472133
4.715126028991181
5.989670765513674
28.025195897289215
0.011799785074949663
15.941824903290234
22.710851606612326
25.23899085648953
7.264518693575918
6.861327629927452
0.2651812014688189
6.765925144620016
32.72071070947314
1.218579322013159
0.059274244617018766
15.111701477448115
43.96167030964389
4.420242231178239
1.1253480084018321
3.077186333039793
11.032169131446874
6.064336454224111
6.690462624159295
11.36522630064755
5.483404742647874
2.3370462613136684
10.458602695167041
33.74716960232638
2.4069711747197156
33.974038429298794
10.185138270101692
14.509320649588961
6.3786297477945535
27.6277329501572
31.4250348443128
1.6637899214594776
4.047807826789686
18.64830140607886
16.30099873837902
22.376418848667544
12.880308979182582
4.179448727330088
0.20546842457084374
18.619235374326454
20.03088034677412
20.013423900296154
12.111612714807947
24.460628277317003
10.57826475861964
7.433977652429111
41.47253869823935
13.714084827196622
12.143237871022928
0.05907665023261422
23.826894060103577
37.45883560177943
10.851834479498747
26.488936990258573
1.868612190809992
3.5278725727557947
12.365357818960973
5.15230180993695
4.674942871108594
4.679183277277633
0.5292424875765971
0.6888110853449193
34.80130704605051
14.672814432130142
25.322962304536556
2.494619113877372
0.6806750942855393
1.517316927702747
9.95345250187056
0.40081407744711417
0.8833091631164809
11.400071685228609
21.709655128296763
1.69516475660122
28.95467184992126
3.6063900770303268
5.500176117267066
11.820401845443564
21.970980194878024
12.523672800539382
53.11303687305002
15.84409750802343
0.026222848831642005
8.298321761985777
34.973016199485976
1.4580132379081305
15.33851324324303
0.21402466194221229
8.469921582357147
3.086532042451367
15.982091404411774
6.703729133354361
1.8093228690254546
11.958985303492021
13.238994162620703
1.3295416734037597
3.8783624961040704
1.8671125626042824
9.569056514859842
5.277046720087942
36.730093354375605
7.389962523069535
5.694736095283573
3.5413270365823117
0.789352424441587
7.697730356354044
6.8780173627409065
1.158735783462186
3.19767157943434
8.84480462823014
6.829686057927259
6.121067840828339
12.922617930617548
1.4265084271719604
7.849754645423484
29.032133059505735
11.028839007171403
2.1200321671034335
8.467502637690227
6.436746420019396
6.7582719923301315
1.1693053324055307
3.452788329895888
2.7620534254699596
4.399486971941641
22.28500984312049
1.080696779139401
23.773263262809515
13.995799342583716
0.9738730794332477
5.933560116829457
29.57791655916148
0.16501478003838316
27.157044731581227
2.5744251821972433
9.653594138467428
1.818707812264431
1.4224865142348846
13.944142947443039
5.112179749889446
6.4583716769153785
8.162520631806204
6.383308862775016
8.917799894102508
15.193513386472745
6.293694918164243
5.812912701965547
3.2875556705848434
2.963811076474906
8.350535481312333
3.861747708070681
11.873738432586567
25.63371093238713
12.985383883276233
10.55920243221362
5.1574485474206
12.739473971024013
10.699574721309533
3.058380180047026
13.151911772515456
4.452859382988638
1.2406993229259384
5.061505089392203
8.993987315434554
0.561314800438185
3.626389285947594
4.0538821644766925
29.659095421403716
9.383491571979151
6.944747504196968
3.10906984656173
11.077836850063093
12.02731651295693
9.054685386797184
0.35090945813503627
44.6032858461709
12.323662578360818
29.17804451546841
12.222372242873728
9.506796499602583
2.5923935592292486
0.06318197807847448
0.8297103586140868
47.43089889966798
3.325987707827903
11.859213539558214
9.75272231012779
7.210138143805628
7.4090934323999695
10.796512254942362
1.0916976771031572
34.879086715211635
31.179362468401525
17.51569500972769
17.78847278138543
24.759858769889206
14.614561494859455
6.928577441120044
3.6144192208149892
15.3353430873617
6.518266790358754
16.94028262772645
4.61073095566184
10.282407228661272
21.22308661069418
20.515258565580428
0.44838242364285047
4.349729986060149