10.25951324991416
42.711596676026545
2.135636871265446
18.94267799497701
3.561060648999656
15.112058090143993
1.8497487296602695
1.7992064262118743
1.4021712081482247
3.945065510545633
0.8635967493643442
19.119312085229073
38.27131651384289
1.4697253515250281
0.83893506890175
9.540763766425435
12.227564868250179
1.496594025685161
2.103250998022485
3.592121595600137
5.064128148779785
14.032926385845586
11.411338099352532
13.498356898832263
1.33889207433176
2.0485853767696223
23.36020150565735
18.623656137109894
5.060671722340374
11.891704336295478
6.851848686039186
1.8971451718301675
6.153298929175188
12.104350693572785
8.434698253491938
8.225574810342861
3.4639156637361452
20.349813430253086
4.927332612474376
2.9474813023449142
26.68405937002855
25.25995133858938
3.3685757457740655
1.354401717738863
3.6512811449029456
5.5607840553779395
21.826656866898528
1.3610208129015542
11.439515553301687
3.4701344519068162
3.021368863234069
0.7276710618425916
12.791765573350949
13.014231901103336
19.03829302238874
24.81752117409962
23.767353196875604
5.970102484959741
15.004646458594832
10.895642206711916
3.4649328008607543
11.338470899508405
6.021454107366807
5.542547580750114
4.810396117359032
2.732670181879439
3.135710427655571
2.304718409848547
14.610097667441256
5.075649971524007
2.8192185878398153
5.119948739678495
1.3256309758813136
7.066564363645928
3.764602933402647
8.248663890609581
4.222489403200865
6.699687568984045
3.751659708751675
19.52846357416379
1.4883123126651072
0.8309814473433857
13.474811265953127
2.7661034617367344
6.238405091294897
4.556692525753782
43.642165611128604
11.450721201424193
17.397292959564695
8.604508471830643
14.706647576377225
1.525863646868274
0.22121867202044265
2.7031554411503653
14.580960763097128
0.4116753598831055
1.920547269488075
0.5376980110655438
29.964224291651092
21.3393311259481
2.3516129962939347
5.640733609677267
1.1471244199283588
5.178856484933997
17.501385783033854
8.28021594007132
12.367035804487303
17.928025788444266
12.121372781817708
2.7985879893526553
9.488271261087833
18.36985744059222
3.349179369108402
3.258757048011389
12.223742675344134
10.701640129418942
18.932216463865903
7.4583495570669065
25.568776140008882
20.471618236782092
0.8217392967115006
9.247346773259151
2.0961944865188444
3.346112632316153
0.14211142519064718
0.5770302305664603
12.954638331242457
2.747470372349463
11.330181562851575
3.3504093695857553
1.6359081583474233
12.8650277857339
0.0824249741400301
15.829894807498796
24.100184689486717
10.144221669356943
5.470927916784115
3.270345092579691
3.229507174269297
7.666462259333272
7.859393231462106
26.118917495230466
7.347881613545492
5.56665225404919
21.81752689174839
7.766953601825045
24.46595263739507
10.677690823174792
7.6677018436227735
0.2325724372680334
6.241699335081126
1.939582030920956
14.62687836744979
24.116496952217396
3.6339539479213525
6.65985747305941
9.991048495111325
1.5574248472150665
0.3494411260208974
9.525526232242685
1.4436275734603774
1.8118037065645383
8.33515265111907
11.562600219655621
2.1837716968627734
2.951570388907021
7.842412671132667
1.505265645356155
7.701126795784602
4.924584983606413
3.5611986488762417
3.100721639266819
15.31949383267864
3.1421560569887403
9.302587788688164
4.0716721561434985
0.0893893929917974
0.5381944960432599
8.392845701952142
2.3695417139524024
26.269528883667434
12.911538537687562
11.517091277451943
14.518524945053615
2.093712358338285
0.733978458336618
20.082811073531577
2.248891448624034
1.5938545834183484
3.329958024930728
11.369060700169692
14.757042730441695
14.38621982202811
3.459613502756982
1.741926698523343
6.051856490891105
3.4792164102161216
0.5673707678015405
5.511705005163362
7.964728186554327
25.886760719154832
12.507619838583857
26.382243355071413
14.343346853577069
8.643361458284767
12.877978820087513
6.373600589130487
6.511429891490568
3.9173070730869695
14.052488302644962
2.6438604298727224
11.84231567271209
0.17609609413145952
8.523026132214675
43.65730859608071
40.40703607510058
6.26418522520065
9.38331307117748
2.3346936509351046
0.3921348085252736
6.825077550475198
14.841150065090192
1.3986353067053168
8.62521261246837
0.2767450591467343
30.00073139231465
0.10405555581144336
72.90273078246315
9.614425637357058
7.111016925713654
32.45242748178412
16.72575872482442
10.72051357935312
7.707454780095511
2.8202479749577476
2.4239639884952635
3.812701516705747
0.9473663610201811
10.06912349732921
2.020310870028912
11.934539787932001
35.72863846351453
26.57997756483521
4.925836932610028
1.4843571245261726
2.4740320663007243
2.9607533255948626
2.4620327916456195
11.203376736461781
54.1007835476816
12.267655122306978
3.5274346591615213
0.21902525588142008
2.730140267842813
4.0465987059556365
14.50632403394648
3.6831941505319463
9.576688138894406
31.849861854982343
27.50010533033594
10.424994013062024
20.21358905690324
3.492605228988544
4.630932087935546
6.350570392166463
0.7521998997455359
0.7050965931891685
11.97455768366684
21.984532110169145
24.967015880476314
21.36002867145128
44.84907577599185
13.869704970438512
2.333262351915982
12.465206087405761
8.042763273560407
25.699663834195057
7.847940163368237
2.0477663797751546
9.946552718191835
18.567476388264627
1.693202930993526
5.468369113345219
11.158697514411234
6.690334521567414
9.121080533925898
1.9600273355712416
3.152280580887373
2.560766622148403
16.133518510065738
5.450215187340802
0.8999735056873311
7.829866693061503
10.083503843465394
20.098592756517885
17.143606337139403
3.1072405395392653
15.946081061410103
8.021722189030744
6.032294206330717